replay_version 2.0
stopped_at 2147
seed 100
recorded_at Fri Apr 30 20:13:50 2021
[:mouse_button_up, 1, 0, 1, 1, 4]
[:mouse_move, 788, 83, 2, 2, 11]
[:mouse_move, 789, 83, 2, 3, 13]
[:mouse_move, 791, 83, 2, 4, 15]
[:mouse_move, 795, 86, 2, 5, 15]
[:mouse_move, 797, 90, 2, 6, 17]
[:mouse_move, 798, 93, 2, 7, 18]
[:mouse_move, 799, 98, 2, 8, 18]
[:mouse_move, 799, 107, 2, 9, 19]
[:mouse_move, 791, 123, 2, 10, 21]
[:mouse_move, 788, 130, 2, 11, 21]
[:mouse_move, 773, 175, 2, 12, 22]
[:mouse_move, 758, 226, 2, 13, 23]
[:mouse_move, 736, 274, 2, 14, 24]
[:mouse_move, 714, 322, 2, 15, 25]
[:mouse_move, 692, 369, 2, 16, 26]
[:mouse_move, 666, 423, 2, 17, 27]
[:mouse_move, 647, 462, 2, 18, 27]
[:mouse_move, 626, 507, 2, 19, 29]
[:mouse_move, 612, 532, 2, 20, 30]
[:mouse_move, 607, 540, 2, 21, 30]
[:mouse_move, 585, 571, 2, 22, 31]
[:mouse_move, 559, 597, 2, 23, 32]
[:mouse_move, 537, 617, 2, 24, 33]
[:mouse_move, 517, 630, 2, 25, 34]
[:mouse_move, 505, 634, 2, 26, 35]
[:mouse_move, 493, 636, 2, 27, 36]
[:mouse_move, 491, 636, 2, 28, 36]
[:mouse_move, 483, 636, 2, 29, 37]
[:mouse_move, 478, 635, 2, 30, 38]
[:mouse_move, 474, 633, 2, 31, 39]
[:mouse_move, 474, 632, 2, 32, 39]
[:mouse_move, 471, 628, 2, 33, 39]
[:mouse_move, 468, 624, 2, 34, 41]
[:mouse_move, 466, 620, 2, 35, 42]
[:mouse_move, 466, 616, 2, 36, 42]
[:mouse_move, 467, 610, 2, 37, 44]
[:mouse_move, 478, 599, 2, 38, 45]
[:mouse_move, 500, 584, 2, 39, 46]
[:mouse_move, 531, 568, 2, 40, 47]
[:mouse_move, 579, 552, 2, 41, 48]
[:mouse_move, 672, 528, 2, 42, 49]
[:mouse_move, 759, 505, 2, 43, 50]
[:mouse_move, 849, 479, 2, 44, 51]
[:mouse_move, 934, 454, 2, 45, 51]
[:mouse_move, 1011, 432, 2, 46, 53]
[:mouse_move, 1072, 415, 2, 47, 54]
[:mouse_move, 1096, 406, 2, 48, 55]
[:mouse_move, 1107, 401, 2, 49, 56]
[:mouse_move, 1108, 400, 2, 50, 59]
[:mouse_move, 1110, 399, 2, 51, 64]
[:mouse_move, 1109, 406, 2, 52, 68]
[:mouse_move, 1107, 418, 2, 53, 69]
[:mouse_move, 1107, 429, 2, 54, 70]
[:mouse_move, 1107, 440, 2, 55, 71]
[:mouse_move, 1110, 448, 2, 56, 72]
[:mouse_move, 1113, 452, 2, 57, 73]
[:mouse_move, 1114, 454, 2, 58, 74]
[:mouse_move, 1115, 457, 2, 59, 75]
[:mouse_move, 1115, 459, 2, 60, 76]
[:mouse_move, 1114, 465, 2, 61, 77]
[:mouse_move, 1114, 467, 2, 62, 77]
[:mouse_move, 1114, 473, 2, 63, 78]
[:mouse_move, 1114, 480, 2, 64, 79]
[:mouse_move, 1112, 484, 2, 65, 80]
[:mouse_move, 1112, 486, 2, 66, 81]
[:mouse_move, 1112, 487, 2, 67, 83]
[:mouse_move, 1112, 488, 2, 68, 86]
[:mouse_move, 1111, 490, 2, 69, 87]
[:mouse_move, 1111, 491, 2, 70, 88]
[:mouse_button_pressed, 1, 0, 1, 71, 96]
[:mouse_button_up, 1, 0, 1, 72, 101]
[:mouse_button_pressed, 1, 0, 1, 73, 106]
[:mouse_button_up, 1, 0, 1, 74, 111]
[:mouse_move, 1110, 491, 2, 75, 119]
[:mouse_move, 1108, 493, 2, 76, 125]
[:mouse_move, 1101, 498, 2, 77, 126]
[:mouse_move, 1092, 504, 2, 78, 127]
[:mouse_move, 1090, 505, 2, 79, 127]
[:mouse_move, 1075, 513, 2, 80, 128]
[:mouse_move, 1047, 524, 2, 81, 129]
[:mouse_move, 1007, 535, 2, 82, 130]
[:mouse_move, 955, 549, 2, 83, 131]
[:mouse_move, 857, 577, 2, 84, 132]
[:mouse_move, 765, 593, 2, 85, 133]
[:mouse_move, 684, 597, 2, 86, 134]
[:mouse_move, 619, 597, 2, 87, 135]
[:mouse_move, 567, 597, 2, 88, 136]
[:mouse_move, 518, 597, 2, 89, 137]
[:mouse_move, 487, 597, 2, 90, 138]
[:mouse_move, 461, 597, 2, 91, 139]
[:mouse_move, 444, 597, 2, 92, 140]
[:mouse_move, 430, 597, 2, 93, 141]
[:mouse_move, 415, 597, 2, 94, 142]
[:mouse_move, 404, 597, 2, 95, 143]
[:mouse_move, 390, 597, 2, 96, 144]
[:mouse_move, 375, 597, 2, 97, 145]
[:mouse_move, 363, 597, 2, 98, 146]
[:mouse_move, 349, 597, 2, 99, 147]
[:mouse_move, 333, 601, 2, 100, 148]
[:mouse_move, 303, 609, 2, 101, 149]
[:mouse_move, 277, 615, 2, 102, 150]
[:mouse_move, 250, 623, 2, 103, 151]
[:mouse_move, 229, 628, 2, 104, 152]
[:mouse_move, 211, 631, 2, 105, 153]
[:mouse_move, 198, 633, 2, 106, 154]
[:mouse_move, 184, 633, 2, 107, 155]
[:mouse_move, 172, 633, 2, 108, 156]
[:mouse_move, 169, 633, 2, 109, 156]
[:mouse_move, 157, 633, 2, 110, 157]
[:mouse_move, 145, 633, 2, 111, 158]
[:mouse_move, 133, 633, 2, 112, 159]
[:mouse_move, 130, 633, 2, 113, 159]
[:mouse_move, 118, 633, 2, 114, 160]
[:mouse_move, 112, 633, 2, 115, 161]
[:mouse_move, 110, 633, 2, 116, 162]
[:mouse_move, 109, 633, 2, 117, 165]
[:mouse_move, 111, 631, 2, 118, 170]
[:mouse_move, 116, 629, 2, 119, 171]
[:mouse_move, 120, 626, 2, 120, 172]
[:mouse_move, 121, 625, 2, 121, 172]
[:mouse_move, 124, 624, 2, 122, 173]
[:mouse_move, 127, 621, 2, 123, 174]
[:mouse_move, 132, 618, 2, 124, 175]
[:mouse_move, 134, 616, 2, 125, 177]
[:mouse_button_pressed, 1, 0, 1, 126, 183]
[:mouse_button_up, 1, 0, 1, 127, 188]
[:mouse_move, 136, 616, 2, 128, 189]
[:mouse_move, 137, 616, 2, 129, 190]
[:mouse_move, 142, 614, 2, 130, 191]
[:mouse_move, 144, 614, 2, 131, 195]
[:mouse_move, 145, 614, 2, 132, 197]
[:mouse_move, 147, 614, 2, 133, 198]
[:mouse_move, 148, 614, 2, 134, 199]
[:mouse_move, 149, 614, 2, 135, 200]
[:mouse_move, 158, 614, 2, 136, 201]
[:mouse_move, 173, 614, 2, 137, 202]
[:mouse_move, 195, 614, 2, 138, 203]
[:mouse_move, 230, 620, 2, 139, 204]
[:mouse_move, 275, 630, 2, 140, 205]
[:mouse_move, 343, 635, 2, 141, 206]
[:mouse_move, 401, 635, 2, 142, 207]
[:mouse_move, 461, 635, 2, 143, 208]
[:mouse_move, 516, 635, 2, 144, 209]
[:mouse_move, 570, 635, 2, 145, 210]
[:mouse_move, 627, 626, 2, 146, 211]
[:mouse_move, 641, 621, 2, 147, 211]
[:mouse_move, 695, 605, 2, 148, 212]
[:mouse_move, 745, 593, 2, 149, 213]
[:mouse_move, 801, 576, 2, 150, 214]
[:mouse_move, 834, 568, 2, 151, 215]
[:mouse_move, 844, 563, 2, 152, 215]
[:mouse_move, 881, 548, 2, 153, 216]
[:mouse_move, 915, 531, 2, 154, 217]
[:mouse_move, 941, 520, 2, 155, 218]
[:mouse_move, 962, 510, 2, 156, 219]
[:mouse_move, 981, 502, 2, 157, 220]
[:mouse_move, 990, 499, 2, 158, 221]
[:mouse_move, 995, 496, 2, 159, 222]
[:mouse_move, 998, 494, 2, 160, 223]
[:mouse_move, 1000, 492, 2, 161, 224]
[:mouse_move, 1001, 491, 2, 162, 225]
[:mouse_move, 1002, 488, 2, 163, 226]
[:mouse_move, 1007, 484, 2, 164, 227]
[:mouse_move, 1012, 479, 2, 165, 228]
[:mouse_move, 1020, 475, 2, 166, 229]
[:mouse_move, 1034, 471, 2, 167, 230]
[:mouse_move, 1050, 468, 2, 168, 231]
[:mouse_move, 1068, 464, 2, 169, 232]
[:mouse_move, 1083, 464, 2, 170, 233]
[:mouse_move, 1096, 464, 2, 171, 234]
[:mouse_move, 1101, 464, 2, 172, 235]
[:mouse_move, 1107, 465, 2, 173, 236]
[:mouse_move, 1109, 466, 2, 174, 237]
[:mouse_move, 1111, 467, 2, 175, 238]
[:mouse_move, 1113, 468, 2, 176, 239]
[:mouse_move, 1114, 469, 2, 177, 240]
[:mouse_button_pressed, 1, 0, 1, 178, 247]
[:mouse_button_up, 1, 0, 1, 179, 252]
[:mouse_button_pressed, 1, 0, 1, 180, 258]
[:mouse_button_up, 1, 0, 1, 181, 261]
[:mouse_move, 1114, 470, 2, 182, 268]
[:mouse_move, 1111, 470, 2, 183, 269]
[:mouse_move, 1099, 473, 2, 184, 270]
[:mouse_move, 1081, 477, 2, 185, 271]
[:mouse_move, 1049, 480, 2, 186, 272]
[:mouse_move, 1004, 487, 2, 187, 273]
[:mouse_move, 938, 503, 2, 188, 274]
[:mouse_move, 856, 527, 2, 189, 275]
[:mouse_move, 755, 557, 2, 190, 276]
[:mouse_move, 727, 566, 2, 191, 276]
[:mouse_move, 653, 590, 2, 192, 277]
[:mouse_move, 628, 597, 2, 193, 277]
[:mouse_move, 531, 623, 2, 194, 278]
[:mouse_move, 443, 642, 2, 195, 279]
[:mouse_move, 378, 644, 2, 196, 280]
[:mouse_move, 339, 646, 2, 197, 281]
[:mouse_move, 312, 646, 2, 198, 282]
[:mouse_move, 294, 646, 2, 199, 283]
[:mouse_move, 282, 646, 2, 200, 284]
[:mouse_move, 274, 646, 2, 201, 285]
[:mouse_move, 266, 646, 2, 202, 286]
[:mouse_move, 264, 646, 2, 203, 287]
[:mouse_move, 263, 646, 2, 204, 291]
[:mouse_move, 258, 646, 2, 205, 292]
[:mouse_move, 257, 644, 2, 206, 292]
[:mouse_move, 249, 644, 2, 207, 293]
[:mouse_move, 233, 639, 2, 208, 294]
[:mouse_move, 211, 634, 2, 209, 295]
[:mouse_move, 198, 630, 2, 210, 296]
[:mouse_move, 191, 627, 2, 211, 297]
[:mouse_move, 187, 624, 2, 212, 298]
[:mouse_move, 184, 624, 2, 213, 299]
[:mouse_move, 183, 623, 2, 214, 300]
[:mouse_move, 181, 621, 2, 215, 301]
[:mouse_move, 178, 620, 2, 216, 302]
[:mouse_move, 176, 618, 2, 217, 302]
[:mouse_move, 175, 617, 2, 218, 303]
[:mouse_move, 172, 615, 2, 219, 304]
[:mouse_move, 171, 614, 2, 220, 305]
[:mouse_move, 169, 613, 2, 221, 306]
[:mouse_move, 169, 612, 2, 222, 307]
[:mouse_move, 168, 612, 2, 223, 312]
[:mouse_button_pressed, 1, 0, 1, 224, 312]
[:mouse_button_up, 1, 0, 1, 225, 316]
[:mouse_move, 170, 612, 2, 226, 322]
[:mouse_move, 173, 612, 2, 227, 323]
[:mouse_move, 177, 615, 2, 228, 324]
[:mouse_move, 183, 619, 2, 229, 325]
[:mouse_move, 194, 622, 2, 230, 326]
[:mouse_move, 216, 626, 2, 231, 327]
[:mouse_move, 248, 626, 2, 232, 328]
[:mouse_move, 288, 626, 2, 233, 329]
[:mouse_move, 328, 626, 2, 234, 330]
[:mouse_move, 370, 619, 2, 235, 331]
[:mouse_move, 419, 606, 2, 236, 332]
[:mouse_move, 455, 595, 2, 237, 333]
[:mouse_move, 482, 585, 2, 238, 334]
[:mouse_move, 505, 573, 2, 239, 335]
[:mouse_move, 508, 571, 2, 240, 335]
[:mouse_move, 522, 560, 2, 241, 336]
[:mouse_move, 530, 547, 2, 242, 337]
[:mouse_move, 538, 531, 2, 243, 338]
[:mouse_move, 543, 516, 2, 244, 339]
[:mouse_move, 546, 504, 2, 245, 340]
[:mouse_move, 549, 489, 2, 246, 341]
[:mouse_move, 550, 486, 2, 247, 341]
[:mouse_move, 553, 472, 2, 248, 342]
[:mouse_move, 556, 461, 2, 249, 343]
[:mouse_move, 559, 448, 2, 250, 344]
[:mouse_move, 560, 445, 2, 251, 344]
[:mouse_move, 561, 436, 2, 252, 345]
[:mouse_move, 561, 429, 2, 253, 346]
[:mouse_move, 561, 422, 2, 254, 347]
[:mouse_move, 562, 415, 2, 255, 348]
[:mouse_move, 563, 406, 2, 256, 349]
[:mouse_move, 565, 399, 2, 257, 350]
[:mouse_move, 568, 389, 2, 258, 351]
[:mouse_move, 571, 379, 2, 259, 352]
[:mouse_move, 576, 372, 2, 260, 353]
[:mouse_move, 580, 366, 2, 261, 354]
[:mouse_move, 583, 362, 2, 262, 355]
[:mouse_move, 584, 359, 2, 263, 356]
[:mouse_move, 586, 357, 2, 264, 357]
[:mouse_move, 588, 354, 2, 265, 358]
[:mouse_move, 590, 353, 2, 266, 359]
[:mouse_move, 592, 352, 2, 267, 360]
[:mouse_move, 593, 352, 2, 268, 362]
[:mouse_move, 594, 352, 2, 269, 364]
[:mouse_button_pressed, 1, 0, 1, 270, 385]
[:mouse_button_up, 1, 0, 1, 271, 390]
[:mouse_move, 595, 352, 2, 272, 391]
[:mouse_move, 595, 353, 2, 273, 400]
[:mouse_move, 596, 353, 2, 274, 402]
[:mouse_move, 597, 355, 2, 275, 403]
[:mouse_move, 601, 355, 2, 276, 404]
[:mouse_move, 602, 356, 2, 277, 405]
[:mouse_move, 604, 360, 2, 278, 406]
[:mouse_move, 604, 368, 2, 279, 407]
[:mouse_move, 604, 376, 2, 280, 408]
[:mouse_move, 604, 378, 2, 281, 409]
[:mouse_move, 604, 379, 2, 282, 410]
[:mouse_move, 604, 380, 2, 283, 412]
[:mouse_move, 593, 384, 2, 284, 413]
[:mouse_move, 585, 386, 2, 285, 414]
[:mouse_move, 574, 386, 2, 286, 415]
[:mouse_move, 561, 386, 2, 287, 416]
[:mouse_move, 549, 386, 2, 288, 417]
[:mouse_move, 541, 385, 2, 289, 418]
[:mouse_move, 534, 383, 2, 290, 419]
[:mouse_move, 526, 381, 2, 291, 420]
[:mouse_move, 521, 380, 2, 292, 421]
[:mouse_move, 515, 377, 2, 293, 422]
[:mouse_move, 512, 376, 2, 294, 423]
[:mouse_move, 508, 375, 2, 295, 424]
[:mouse_move, 505, 374, 2, 296, 425]
[:mouse_move, 501, 373, 2, 297, 426]
[:mouse_move, 497, 370, 2, 298, 427]
[:mouse_move, 494, 368, 2, 299, 428]
[:mouse_move, 490, 365, 2, 300, 429]
[:mouse_move, 488, 363, 2, 301, 430]
[:mouse_move, 484, 358, 2, 302, 431]
[:mouse_move, 476, 340, 2, 303, 432]
[:mouse_move, 475, 316, 2, 304, 433]
[:mouse_move, 486, 296, 2, 305, 434]
[:mouse_move, 513, 272, 2, 306, 435]
[:mouse_move, 562, 240, 2, 307, 436]
[:mouse_move, 604, 218, 2, 308, 437]
[:mouse_move, 645, 204, 2, 309, 438]
[:mouse_move, 682, 192, 2, 310, 439]
[:mouse_move, 718, 178, 2, 311, 440]
[:mouse_move, 746, 163, 2, 312, 441]
[:mouse_move, 769, 149, 2, 313, 442]
[:mouse_move, 782, 139, 2, 314, 443]
[:mouse_move, 792, 131, 2, 315, 444]
[:mouse_move, 799, 126, 2, 316, 445]
[:mouse_move, 806, 120, 2, 317, 446]
[:mouse_move, 812, 115, 2, 318, 447]
[:mouse_move, 818, 111, 2, 319, 448]
[:mouse_move, 823, 109, 2, 320, 449]
[:mouse_move, 828, 107, 2, 321, 450]
[:mouse_move, 829, 107, 2, 322, 450]
[:mouse_move, 835, 105, 2, 323, 451]
[:mouse_move, 845, 102, 2, 324, 452]
[:mouse_move, 850, 101, 2, 325, 453]
[:mouse_move, 853, 100, 2, 326, 454]
[:mouse_move, 856, 100, 2, 327, 455]
[:mouse_move, 857, 100, 2, 328, 456]
[:mouse_move, 859, 100, 2, 329, 457]
[:mouse_move, 860, 100, 2, 330, 458]
[:mouse_move, 862, 101, 2, 331, 459]
[:mouse_move, 863, 101, 2, 332, 460]
[:mouse_move, 864, 103, 2, 333, 463]
[:mouse_button_pressed, 1, 0, 1, 334, 471]
[:mouse_button_up, 1, 0, 1, 335, 475]
[:mouse_move, 864, 104, 2, 336, 477]
[:mouse_move, 865, 105, 2, 337, 478]
[:mouse_move, 867, 108, 2, 338, 479]
[:mouse_move, 867, 111, 2, 339, 480]
[:mouse_move, 867, 117, 2, 340, 481]
[:mouse_move, 864, 127, 2, 341, 482]
[:mouse_move, 858, 144, 2, 342, 483]
[:mouse_move, 854, 167, 2, 343, 484]
[:mouse_move, 853, 216, 2, 344, 485]
[:mouse_move, 862, 287, 2, 345, 486]
[:mouse_move, 881, 349, 2, 346, 487]
[:mouse_move, 886, 410, 2, 347, 488]
[:mouse_move, 889, 436, 2, 348, 489]
[:mouse_move, 890, 442, 2, 349, 489]
[:mouse_move, 891, 460, 2, 350, 490]
[:mouse_move, 891, 474, 2, 351, 491]
[:mouse_move, 892, 476, 2, 352, 491]
[:mouse_move, 894, 484, 2, 353, 492]
[:mouse_move, 894, 488, 2, 354, 493]
[:mouse_move, 894, 490, 2, 355, 494]
[:mouse_move, 894, 492, 2, 356, 495]
[:mouse_move, 894, 494, 2, 357, 496]
[:mouse_move, 894, 496, 2, 358, 497]
[:mouse_move, 894, 498, 2, 359, 498]
[:mouse_move, 894, 499, 2, 360, 499]
[:mouse_move, 904, 506, 2, 361, 571]
[:mouse_move, 919, 514, 2, 362, 572]
[:mouse_move, 943, 524, 2, 363, 573]
[:mouse_move, 966, 537, 2, 364, 574]
[:mouse_move, 992, 546, 2, 365, 575]
[:mouse_move, 1017, 555, 2, 366, 576]
[:mouse_move, 1040, 569, 2, 367, 577]
[:mouse_move, 1051, 576, 2, 368, 578]
[:mouse_move, 1057, 580, 2, 369, 579]
[:mouse_move, 1060, 582, 2, 370, 580]
[:mouse_move, 1062, 584, 2, 371, 583]
[:mouse_move, 1069, 587, 2, 372, 584]
[:mouse_move, 1081, 590, 2, 373, 585]
[:mouse_move, 1107, 595, 2, 374, 586]
[:mouse_move, 1119, 596, 2, 375, 587]
[:mouse_move, 1126, 596, 2, 376, 588]
[:mouse_move, 1127, 596, 2, 377, 589]
[:mouse_move, 1129, 595, 2, 378, 590]
[:mouse_move, 1129, 590, 2, 379, 591]
[:mouse_move, 1126, 584, 2, 380, 592]
[:mouse_move, 1124, 579, 2, 381, 593]
[:mouse_move, 1119, 576, 2, 382, 594]
[:mouse_move, 1118, 574, 2, 383, 594]
[:mouse_move, 1114, 571, 2, 384, 595]
[:mouse_move, 1110, 569, 2, 385, 596]
[:mouse_move, 1106, 566, 2, 386, 597]
[:mouse_move, 1101, 563, 2, 387, 598]
[:mouse_move, 1098, 560, 2, 388, 599]
[:mouse_move, 1095, 558, 2, 389, 600]
[:mouse_move, 1094, 558, 2, 390, 600]
[:mouse_move, 1090, 556, 2, 391, 601]
[:mouse_move, 1086, 555, 2, 392, 602]
[:mouse_move, 1085, 555, 2, 393, 602]
[:mouse_move, 1082, 553, 2, 394, 603]
[:mouse_move, 1077, 552, 2, 395, 604]
[:mouse_move, 1074, 552, 2, 396, 605]
[:mouse_move, 1073, 552, 2, 397, 606]
[:mouse_button_pressed, 1, 0, 1, 398, 613]
[:mouse_move, 1073, 551, 2, 399, 614]
[:mouse_button_up, 1, 0, 1, 400, 618]
[:mouse_move, 1074, 551, 2, 401, 618]
[:mouse_move, 1074, 552, 2, 402, 619]
[:mouse_move, 1077, 553, 2, 403, 620]
[:mouse_move, 1080, 553, 2, 404, 621]
[:mouse_move, 1074, 560, 2, 405, 627]
[:mouse_move, 1072, 562, 2, 406, 627]
[:mouse_move, 1063, 571, 2, 407, 628]
[:mouse_move, 1054, 578, 2, 408, 629]
[:mouse_move, 1041, 586, 2, 409, 630]
[:mouse_move, 1023, 594, 2, 410, 631]
[:mouse_move, 986, 605, 2, 411, 632]
[:mouse_move, 974, 608, 2, 412, 632]
[:mouse_move, 909, 626, 2, 413, 633]
[:mouse_move, 830, 635, 2, 414, 634]
[:mouse_move, 754, 635, 2, 415, 635]
[:mouse_move, 652, 635, 2, 416, 636]
[:mouse_move, 580, 635, 2, 417, 637]
[:mouse_move, 523, 635, 2, 418, 638]
[:mouse_move, 473, 636, 2, 419, 639]
[:mouse_move, 425, 636, 2, 420, 640]
[:mouse_move, 383, 636, 2, 421, 641]
[:mouse_move, 340, 636, 2, 422, 642]
[:mouse_move, 309, 636, 2, 423, 643]
[:mouse_move, 274, 632, 2, 424, 644]
[:mouse_move, 241, 624, 2, 425, 645]
[:mouse_move, 208, 616, 2, 426, 646]
[:mouse_move, 199, 615, 2, 427, 646]
[:mouse_move, 169, 612, 2, 428, 647]
[:mouse_move, 150, 611, 2, 429, 648]
[:mouse_move, 143, 609, 2, 430, 649]
[:mouse_button_pressed, 1, 0, 1, 431, 660]
[:mouse_button_up, 1, 0, 1, 432, 665]
[:mouse_move, 144, 609, 2, 433, 669]
[:mouse_move, 145, 609, 2, 434, 673]
[:mouse_move, 147, 609, 2, 435, 674]
[:mouse_move, 149, 609, 2, 436, 675]
[:mouse_move, 153, 609, 2, 437, 676]
[:mouse_move, 158, 608, 2, 438, 677]
[:mouse_move, 162, 607, 2, 439, 678]
[:mouse_move, 164, 607, 2, 440, 678]
[:mouse_move, 164, 606, 2, 441, 679]
[:mouse_move, 165, 606, 2, 442, 679]
[:mouse_move, 168, 605, 2, 443, 680]
[:mouse_move, 172, 603, 2, 444, 681]
[:mouse_move, 177, 603, 2, 445, 682]
[:mouse_move, 181, 602, 2, 446, 683]
[:mouse_move, 184, 602, 2, 447, 684]
[:mouse_move, 186, 602, 2, 448, 685]
[:mouse_move, 188, 602, 2, 449, 686]
[:mouse_move, 189, 602, 2, 450, 687]
[:mouse_move, 191, 602, 2, 451, 688]
[:mouse_move, 194, 602, 2, 452, 689]
[:mouse_move, 198, 602, 2, 453, 690]
[:mouse_move, 202, 602, 2, 454, 691]
[:mouse_move, 208, 600, 2, 455, 692]
[:mouse_move, 211, 598, 2, 456, 693]
[:mouse_move, 212, 598, 2, 457, 694]
[:mouse_move, 213, 597, 2, 458, 701]
[:mouse_move, 215, 597, 2, 459, 702]
[:mouse_move, 219, 597, 2, 460, 704]
[:mouse_move, 222, 597, 2, 461, 705]
[:mouse_move, 228, 597, 2, 462, 706]
[:mouse_move, 235, 597, 2, 463, 707]
[:mouse_move, 244, 597, 2, 464, 708]
[:mouse_move, 255, 597, 2, 465, 709]
[:mouse_move, 264, 597, 2, 466, 710]
[:mouse_move, 273, 597, 2, 467, 711]
[:mouse_move, 279, 597, 2, 468, 712]
[:mouse_move, 280, 597, 2, 469, 713]
[:mouse_move, 281, 597, 2, 470, 718]
[:mouse_move, 282, 597, 2, 471, 719]
[:mouse_move, 285, 596, 2, 472, 720]
[:mouse_move, 289, 595, 2, 473, 721]
[:mouse_move, 299, 593, 2, 474, 722]
[:mouse_move, 309, 589, 2, 475, 723]
[:mouse_move, 322, 582, 2, 476, 724]
[:mouse_move, 334, 572, 2, 477, 725]
[:mouse_move, 348, 554, 2, 478, 726]
[:mouse_move, 351, 548, 2, 479, 726]
[:mouse_move, 367, 520, 2, 480, 727]
[:mouse_move, 374, 490, 2, 481, 728]
[:mouse_move, 380, 462, 2, 482, 729]
[:mouse_move, 380, 434, 2, 483, 730]
[:mouse_move, 376, 413, 2, 484, 731]
[:mouse_move, 371, 399, 2, 485, 732]
[:mouse_move, 369, 395, 2, 486, 733]
[:mouse_move, 367, 391, 2, 487, 734]
[:mouse_move, 365, 388, 2, 488, 735]
[:mouse_move, 365, 385, 2, 489, 736]
[:mouse_move, 364, 383, 2, 490, 737]
[:mouse_move, 361, 380, 2, 491, 738]
[:mouse_move, 359, 377, 2, 492, 739]
[:mouse_move, 357, 373, 2, 493, 740]
[:mouse_move, 356, 370, 2, 494, 741]
[:mouse_move, 355, 368, 2, 495, 742]
[:mouse_move, 353, 366, 2, 496, 743]
[:mouse_move, 353, 362, 2, 497, 744]
[:mouse_move, 353, 361, 2, 498, 744]
[:mouse_move, 352, 360, 2, 499, 745]
[:mouse_move, 355, 360, 2, 500, 751]
[:mouse_move, 358, 359, 2, 501, 752]
[:mouse_move, 367, 357, 2, 502, 753]
[:mouse_move, 369, 356, 2, 503, 753]
[:mouse_move, 383, 353, 2, 504, 754]
[:mouse_move, 401, 347, 2, 505, 755]
[:mouse_move, 417, 342, 2, 506, 756]
[:mouse_move, 434, 335, 2, 507, 757]
[:mouse_move, 446, 328, 2, 508, 758]
[:mouse_move, 458, 320, 2, 509, 759]
[:mouse_move, 472, 310, 2, 510, 760]
[:mouse_move, 481, 302, 2, 511, 761]
[:mouse_move, 492, 291, 2, 512, 762]
[:mouse_move, 501, 279, 2, 513, 763]
[:mouse_move, 509, 268, 2, 514, 764]
[:mouse_move, 513, 259, 2, 515, 765]
[:mouse_move, 515, 247, 2, 516, 766]
[:mouse_move, 515, 235, 2, 517, 767]
[:mouse_move, 507, 219, 2, 518, 768]
[:mouse_move, 492, 205, 2, 519, 769]
[:mouse_move, 471, 193, 2, 520, 770]
[:mouse_move, 444, 185, 2, 521, 771]
[:mouse_move, 413, 179, 2, 522, 772]
[:mouse_move, 405, 178, 2, 523, 772]
[:mouse_move, 383, 178, 2, 524, 773]
[:mouse_move, 352, 178, 2, 525, 774]
[:mouse_move, 331, 183, 2, 526, 775]
[:mouse_move, 318, 190, 2, 527, 776]
[:mouse_move, 315, 192, 2, 528, 776]
[:mouse_move, 305, 200, 2, 529, 777]
[:mouse_move, 299, 209, 2, 530, 778]
[:mouse_move, 292, 221, 2, 531, 779]
[:mouse_move, 290, 231, 2, 532, 780]
[:mouse_move, 290, 241, 2, 533, 781]
[:mouse_move, 294, 253, 2, 534, 782]
[:mouse_move, 301, 261, 2, 535, 783]
[:mouse_move, 309, 270, 2, 536, 784]
[:mouse_move, 315, 278, 2, 537, 785]
[:mouse_move, 325, 285, 2, 538, 786]
[:mouse_move, 332, 291, 2, 539, 787]
[:mouse_move, 340, 295, 2, 540, 788]
[:mouse_move, 346, 299, 2, 541, 789]
[:mouse_move, 351, 301, 2, 542, 790]
[:mouse_move, 357, 302, 2, 543, 791]
[:mouse_move, 364, 304, 2, 544, 792]
[:mouse_move, 372, 304, 2, 545, 793]
[:mouse_move, 380, 304, 2, 546, 794]
[:mouse_move, 390, 304, 2, 547, 795]
[:mouse_move, 397, 304, 2, 548, 796]
[:mouse_move, 401, 303, 2, 549, 796]
[:mouse_move, 407, 301, 2, 550, 797]
[:mouse_move, 417, 297, 2, 551, 798]
[:mouse_move, 425, 292, 2, 552, 799]
[:mouse_move, 435, 284, 2, 553, 800]
[:mouse_move, 443, 277, 2, 554, 801]
[:mouse_move, 448, 269, 2, 555, 802]
[:mouse_move, 453, 261, 2, 556, 803]
[:mouse_move, 457, 253, 2, 557, 804]
[:mouse_move, 461, 245, 2, 558, 805]
[:mouse_move, 461, 238, 2, 559, 806]
[:mouse_move, 461, 236, 2, 560, 806]
[:mouse_move, 461, 227, 2, 561, 807]
[:mouse_move, 460, 219, 2, 562, 808]
[:mouse_move, 458, 216, 2, 563, 809]
[:mouse_move, 456, 215, 2, 564, 809]
[:mouse_move, 453, 212, 2, 565, 810]
[:mouse_move, 449, 210, 2, 566, 811]
[:mouse_move, 444, 208, 2, 567, 812]
[:mouse_move, 440, 208, 2, 568, 813]
[:mouse_move, 435, 208, 2, 569, 814]
[:mouse_move, 428, 210, 2, 570, 815]
[:mouse_move, 426, 212, 2, 571, 815]
[:mouse_move, 416, 219, 2, 572, 816]
[:mouse_move, 403, 234, 2, 573, 817]
[:mouse_move, 390, 248, 2, 574, 818]
[:mouse_move, 375, 270, 2, 575, 819]
[:mouse_move, 367, 284, 2, 576, 820]
[:mouse_move, 363, 295, 2, 577, 821]
[:mouse_move, 362, 305, 2, 578, 822]
[:mouse_move, 362, 314, 2, 579, 823]
[:mouse_move, 362, 326, 2, 580, 824]
[:mouse_move, 367, 336, 2, 581, 825]
[:mouse_move, 373, 348, 2, 582, 826]
[:mouse_move, 380, 359, 2, 583, 827]
[:mouse_move, 397, 372, 2, 584, 828]
[:mouse_move, 421, 387, 2, 585, 829]
[:mouse_move, 434, 391, 2, 586, 830]
[:mouse_move, 443, 391, 2, 587, 831]
[:mouse_move, 451, 391, 2, 588, 832]
[:mouse_move, 452, 391, 2, 589, 832]
[:mouse_move, 458, 386, 2, 590, 833]
[:mouse_move, 464, 381, 2, 591, 834]
[:mouse_move, 470, 373, 2, 592, 835]
[:mouse_move, 476, 365, 2, 593, 836]
[:mouse_move, 482, 355, 2, 594, 837]
[:mouse_move, 489, 344, 2, 595, 838]
[:mouse_move, 490, 342, 2, 596, 838]
[:mouse_move, 495, 330, 2, 597, 839]
[:mouse_move, 498, 318, 2, 598, 840]
[:mouse_move, 499, 307, 2, 599, 841]
[:mouse_move, 499, 305, 2, 600, 841]
[:mouse_move, 499, 296, 2, 601, 842]
[:mouse_move, 494, 286, 2, 602, 843]
[:mouse_move, 487, 281, 2, 603, 844]
[:mouse_move, 481, 278, 2, 604, 845]
[:mouse_move, 469, 276, 2, 605, 846]
[:mouse_move, 455, 275, 2, 606, 847]
[:mouse_move, 441, 275, 2, 607, 848]
[:mouse_move, 433, 277, 2, 608, 849]
[:mouse_move, 421, 286, 2, 609, 850]
[:mouse_move, 404, 309, 2, 610, 851]
[:mouse_move, 397, 331, 2, 611, 852]
[:mouse_move, 392, 349, 2, 612, 853]
[:mouse_move, 392, 357, 2, 613, 854]
[:mouse_move, 395, 361, 2, 614, 855]
[:mouse_move, 401, 362, 2, 615, 856]
[:mouse_move, 407, 362, 2, 616, 857]
[:mouse_move, 414, 358, 2, 617, 858]
[:mouse_move, 422, 352, 2, 618, 859]
[:mouse_move, 428, 346, 2, 619, 860]
[:mouse_move, 432, 339, 2, 620, 861]
[:mouse_move, 432, 335, 2, 621, 862]
[:mouse_move, 432, 331, 2, 622, 863]
[:mouse_move, 432, 329, 2, 623, 864]
[:mouse_move, 431, 327, 2, 624, 865]
[:mouse_move, 431, 326, 2, 625, 866]
[:mouse_move, 430, 326, 2, 626, 868]
[:mouse_move, 429, 326, 2, 627, 870]
[:key_down_raw, 96, 4096, 2, 628, 1266]
[:key_up_raw, 96, 4096, 2, 629, 1273]
[:mouse_move, 470, 283, 2, 630, 1320]
[:mouse_move, 525, 226, 2, 631, 1321]
[:mouse_move, 627, 131, 2, 632, 1322]
[:mouse_move, 678, 107, 2, 633, 1323]
[:mouse_move, 715, 101, 2, 634, 1324]
[:mouse_move, 747, 95, 2, 635, 1325]
[:mouse_move, 756, 93, 2, 636, 1326]
[:mouse_move, 757, 93, 2, 637, 1327]
[:mouse_move, 759, 92, 2, 638, 1336]
[:mouse_move, 765, 95, 2, 639, 1337]
[:mouse_move, 773, 100, 2, 640, 1338]
[:mouse_move, 782, 102, 2, 641, 1339]
[:mouse_move, 791, 104, 2, 642, 1340]
[:mouse_move, 800, 107, 2, 643, 1341]
[:mouse_move, 806, 109, 2, 644, 1342]
[:mouse_move, 808, 109, 2, 645, 1342]
[:mouse_move, 810, 110, 2, 646, 1343]
[:mouse_move, 812, 110, 2, 647, 1344]
[:mouse_move, 814, 112, 2, 648, 1347]
[:mouse_move, 818, 112, 2, 649, 1348]
[:mouse_move, 824, 114, 2, 650, 1349]
[:mouse_move, 831, 114, 2, 651, 1350]
[:mouse_move, 839, 114, 2, 652, 1351]
[:mouse_move, 847, 114, 2, 653, 1352]
[:mouse_move, 851, 114, 2, 654, 1353]
[:mouse_move, 852, 114, 2, 655, 1354]
[:mouse_move, 853, 114, 2, 656, 1358]
[:mouse_move, 856, 114, 2, 657, 1359]
[:mouse_move, 857, 114, 2, 658, 1360]
[:mouse_move, 859, 114, 2, 659, 1360]
[:mouse_move, 860, 114, 2, 660, 1361]
[:mouse_move, 861, 114, 2, 661, 1362]
[:mouse_move, 865, 111, 2, 662, 1363]
[:mouse_move, 869, 107, 2, 663, 1364]
[:mouse_move, 873, 102, 2, 664, 1365]
[:mouse_move, 876, 98, 2, 665, 1366]
[:mouse_move, 877, 97, 2, 666, 1367]
[:mouse_move, 879, 94, 2, 667, 1368]
[:mouse_move, 880, 93, 2, 668, 1368]
[:mouse_move, 880, 91, 2, 669, 1369]
[:mouse_move, 882, 89, 2, 670, 1370]
[:mouse_move, 882, 87, 2, 671, 1371]
[:mouse_move, 884, 86, 2, 672, 1372]
[:mouse_move, 885, 85, 2, 673, 1374]
[:mouse_move, 886, 85, 2, 674, 1379]
[:mouse_move, 888, 88, 2, 675, 1380]
[:mouse_move, 888, 90, 2, 676, 1381]
[:mouse_move, 889, 92, 2, 677, 1382]
[:mouse_move, 889, 93, 2, 678, 1383]
[:mouse_move, 889, 99, 2, 679, 1384]
[:mouse_move, 889, 106, 2, 680, 1385]
[:mouse_move, 886, 112, 2, 681, 1386]
[:mouse_move, 886, 117, 2, 682, 1387]
[:mouse_move, 886, 118, 2, 683, 1388]
[:mouse_move, 885, 119, 2, 684, 1396]
[:mouse_move, 885, 116, 2, 685, 1399]
[:mouse_move, 885, 113, 2, 686, 1400]
[:mouse_move, 885, 112, 2, 687, 1401]
[:mouse_move, 885, 110, 2, 688, 1402]
[:mouse_move, 881, 138, 2, 689, 1411]
[:mouse_move, 873, 167, 2, 690, 1412]
[:mouse_move, 870, 179, 2, 691, 1412]
[:mouse_move, 855, 224, 2, 692, 1413]
[:mouse_move, 831, 267, 2, 693, 1414]
[:mouse_move, 806, 302, 2, 694, 1415]
[:mouse_move, 770, 353, 2, 695, 1416]
[:mouse_move, 725, 419, 2, 696, 1417]
[:mouse_move, 662, 496, 2, 697, 1418]
[:mouse_move, 599, 560, 2, 698, 1419]
[:mouse_move, 545, 600, 2, 699, 1420]
[:mouse_move, 534, 608, 2, 700, 1420]
[:mouse_move, 502, 622, 2, 701, 1421]
[:mouse_move, 446, 634, 2, 702, 1422]
[:mouse_move, 404, 636, 2, 703, 1423]
[:mouse_move, 366, 636, 2, 704, 1424]
[:mouse_move, 358, 636, 2, 705, 1424]
[:mouse_move, 326, 634, 2, 706, 1425]
[:mouse_move, 305, 634, 2, 707, 1426]
[:mouse_move, 292, 643, 2, 708, 1427]
[:mouse_move, 287, 651, 2, 709, 1428]
[:mouse_move, 287, 661, 2, 710, 1429]
[:mouse_move, 289, 668, 2, 711, 1430]
[:mouse_move, 290, 671, 2, 712, 1430]
[:mouse_move, 299, 684, 2, 713, 1431]
[:mouse_move, 315, 699, 2, 714, 1432]
[:mouse_move, 338, 712, 2, 715, 1433]
[:mouse_move, 419, 719, 2, 716, 1435]
[:key_down_raw, 1073741904, 4096, 2, 717, 1474]
[:key_up_raw, 1073741904, 4096, 2, 718, 1479]
[:key_down_raw, 1073741904, 4096, 2, 719, 1485]
[:key_up_raw, 1073741904, 4096, 2, 720, 1489]
[:key_down_raw, 1073741904, 4096, 2, 721, 1495]
[:key_up_raw, 1073741904, 4096, 2, 722, 1497]
[:key_down_raw, 1073741904, 4096, 2, 723, 1503]
[:key_up_raw, 1073741904, 4096, 2, 724, 1505]
[:key_down_raw, 1073741904, 4096, 2, 725, 1511]
[:key_up_raw, 1073741904, 4096, 2, 726, 1515]
[:key_down_raw, 1073741904, 4096, 2, 727, 1521]
[:key_up_raw, 1073741904, 4096, 2, 728, 1525]
[:key_down_raw, 1073741903, 4096, 2, 729, 1558]
[:key_up_raw, 1073741903, 4096, 2, 730, 1563]
[:key_down_raw, 1073741904, 4096, 2, 731, 1593]
[:key_up_raw, 1073741904, 4096, 2, 732, 1598]
[:key_down_raw, 1073741904, 4096, 2, 733, 1604]
[:key_up_raw, 1073741904, 4096, 2, 734, 1607]
[:key_down_raw, 1073741904, 4096, 2, 735, 1612]
[:key_up_raw, 1073741904, 4096, 2, 736, 1615]
[:key_down_raw, 1073741904, 4096, 2, 737, 1620]
[:key_up_raw, 1073741904, 4096, 2, 738, 1623]
[:key_down_raw, 1073741904, 4096, 2, 739, 1627]
[:key_up_raw, 1073741904, 4096, 2, 740, 1631]
[:key_down_raw, 1073741904, 4096, 2, 741, 1647]
[:key_up_raw, 1073741904, 4096, 2, 742, 1652]
[:key_down_raw, 1073742049, 4097, 2, 743, 1680]
[:key_down_raw, 45, 4097, 2, 744, 1692]
[:key_up_raw, 45, 4097, 2, 745, 1696]
[:key_up_raw, 1073742049, 4096, 2, 746, 1698]
[:key_down_raw, 1073741904, 4096, 2, 747, 1721]
[:key_up_raw, 1073741904, 4096, 2, 748, 1725]
[:key_down_raw, 116, 4096, 2, 749, 1868]
[:key_up_raw, 116, 4096, 2, 750, 1875]
[:key_down_raw, 97, 4096, 2, 751, 1877]
[:key_up_raw, 97, 4096, 2, 752, 1886]
[:key_down_raw, 115, 4096, 2, 753, 1893]
[:key_up_raw, 115, 4096, 2, 754, 1901]
[:key_down_raw, 107, 4096, 2, 755, 1929]
[:key_up_raw, 107, 4096, 2, 756, 1935]
[:key_down_raw, 1073742049, 4097, 2, 757, 1955]
[:key_down_raw, 45, 4097, 2, 758, 1963]
[:key_up_raw, 1073742049, 4096, 2, 759, 1968]
[:key_up_raw, 45, 4096, 2, 760, 1970]
[:key_down_raw, 114, 4096, 2, 761, 1979]
[:key_down_raw, 101, 4096, 2, 762, 1985]
[:key_up_raw, 114, 4096, 2, 763, 1988]
[:key_down_raw, 115, 4096, 2, 764, 1997]
[:key_up_raw, 115, 4096, 2, 765, 2008]
[:key_down_raw, 116, 4096, 2, 766, 2012]
[:key_up_raw, 101, 4096, 2, 767, 2016]
[:key_up_raw, 116, 4096, 2, 768, 2021]
[:key_down_raw, 1073741904, 4096, 2, 769, 2071]
[:key_up_raw, 1073741904, 4096, 2, 770, 2077]
[:key_down_raw, 101, 4096, 2, 771, 2079]
[:key_up_raw, 101, 4096, 2, 772, 2085]
[:key_down_raw, 13, 4096, 2, 773, 2147]
