replay_version 2.0
stopped_at 3270
seed 100
recorded_at Fri Apr 30 20:08:06 2021
[:mouse_button_up, 1, 0, 1, 1, 6]
[:mouse_move, 775, 87, 2, 2, 26]
[:mouse_move, 775, 88, 2, 3, 27]
[:mouse_move, 775, 91, 2, 4, 28]
[:mouse_move, 775, 96, 2, 5, 29]
[:mouse_move, 775, 100, 2, 6, 30]
[:mouse_move, 775, 104, 2, 7, 31]
[:mouse_move, 774, 110, 2, 8, 32]
[:mouse_move, 771, 122, 2, 9, 33]
[:mouse_move, 765, 137, 2, 10, 34]
[:mouse_move, 762, 143, 2, 11, 34]
[:mouse_move, 753, 165, 2, 12, 35]
[:mouse_move, 743, 190, 2, 13, 36]
[:mouse_move, 735, 213, 2, 14, 37]
[:mouse_move, 727, 236, 2, 15, 38]
[:mouse_move, 722, 256, 2, 16, 39]
[:mouse_move, 716, 279, 2, 17, 40]
[:mouse_move, 708, 314, 2, 18, 41]
[:mouse_move, 702, 339, 2, 19, 42]
[:mouse_move, 697, 360, 2, 20, 43]
[:mouse_move, 696, 365, 2, 21, 43]
[:mouse_move, 692, 378, 2, 22, 44]
[:mouse_move, 692, 389, 2, 23, 45]
[:mouse_move, 692, 396, 2, 24, 46]
[:mouse_move, 692, 401, 2, 25, 47]
[:mouse_move, 692, 405, 2, 26, 48]
[:mouse_move, 692, 410, 2, 27, 49]
[:mouse_move, 693, 411, 2, 28, 49]
[:mouse_move, 695, 413, 2, 29, 50]
[:mouse_move, 696, 415, 2, 30, 51]
[:mouse_move, 696, 419, 2, 31, 52]
[:mouse_move, 696, 420, 2, 32, 53]
[:mouse_move, 696, 421, 2, 33, 54]
[:mouse_move, 702, 427, 2, 34, 172]
[:mouse_move, 715, 434, 2, 35, 173]
[:mouse_move, 735, 444, 2, 36, 174]
[:mouse_move, 769, 450, 2, 37, 175]
[:mouse_move, 818, 451, 2, 38, 176]
[:mouse_move, 866, 451, 2, 39, 177]
[:mouse_move, 902, 447, 2, 40, 178]
[:mouse_move, 916, 441, 2, 41, 179]
[:mouse_move, 915, 439, 2, 42, 180]
[:mouse_move, 915, 436, 2, 43, 181]
[:mouse_move, 915, 431, 2, 44, 182]
[:mouse_move, 914, 428, 2, 45, 183]
[:mouse_move, 914, 427, 2, 46, 184]
[:mouse_move, 914, 422, 2, 47, 185]
[:mouse_move, 912, 418, 2, 48, 186]
[:mouse_move, 912, 417, 2, 49, 187]
[:mouse_move, 903, 425, 2, 50, 190]
[:mouse_move, 881, 456, 2, 51, 191]
[:mouse_move, 858, 492, 2, 52, 192]
[:mouse_move, 836, 523, 2, 53, 193]
[:mouse_move, 786, 570, 2, 54, 194]
[:mouse_move, 730, 611, 2, 55, 195]
[:mouse_move, 677, 639, 2, 56, 196]
[:mouse_move, 613, 658, 2, 57, 197]
[:mouse_move, 568, 669, 2, 58, 198]
[:mouse_move, 539, 676, 2, 59, 199]
[:mouse_move, 530, 676, 2, 60, 200]
[:mouse_move, 529, 671, 2, 61, 202]
[:mouse_move, 535, 652, 2, 62, 203]
[:mouse_move, 558, 625, 2, 63, 204]
[:mouse_move, 607, 585, 2, 64, 205]
[:mouse_move, 726, 521, 2, 65, 206]
[:mouse_move, 865, 479, 2, 66, 207]
[:mouse_move, 1023, 451, 2, 67, 208]
[:mouse_move, 1062, 448, 2, 68, 208]
[:mouse_move, 1202, 444, 2, 69, 209]
[:mouse_move, 1279, 441, 2, 70, 210]
[:mouse_move, 1279, 432, 2, 71, 215]
[:mouse_move, 1269, 433, 2, 72, 216]
[:mouse_move, 1255, 436, 2, 73, 217]
[:mouse_move, 1242, 440, 2, 74, 218]
[:mouse_move, 1237, 441, 2, 75, 219]
[:mouse_move, 1229, 443, 2, 76, 220]
[:mouse_move, 1196, 452, 2, 77, 221]
[:mouse_move, 1141, 467, 2, 78, 222]
[:mouse_move, 1066, 490, 2, 79, 223]
[:mouse_move, 1022, 508, 2, 80, 224]
[:mouse_move, 996, 520, 2, 81, 225]
[:mouse_move, 993, 522, 2, 82, 226]
[:mouse_move, 994, 522, 2, 83, 231]
[:mouse_move, 998, 522, 2, 84, 232]
[:mouse_move, 1006, 522, 2, 85, 233]
[:mouse_move, 1013, 522, 2, 86, 234]
[:mouse_move, 1018, 522, 2, 87, 235]
[:mouse_move, 1022, 522, 2, 88, 236]
[:mouse_move, 1031, 522, 2, 89, 237]
[:mouse_move, 1051, 515, 2, 90, 238]
[:mouse_move, 1071, 505, 2, 91, 239]
[:mouse_move, 1092, 495, 2, 92, 240]
[:mouse_move, 1104, 486, 2, 93, 241]
[:mouse_move, 1110, 482, 2, 94, 242]
[:mouse_move, 1113, 480, 2, 95, 243]
[:mouse_move, 1113, 479, 2, 96, 243]
[:mouse_move, 1114, 479, 2, 97, 244]
[:mouse_move, 1114, 478, 2, 98, 246]
[:mouse_button_pressed, 1, 0, 1, 99, 250]
[:mouse_move, 1112, 478, 2, 100, 251]
[:mouse_move, 1111, 478, 2, 101, 252]
[:mouse_move, 1109, 479, 2, 102, 253]
[:mouse_button_up, 1, 0, 1, 103, 253]
[:mouse_move, 1107, 479, 2, 104, 256]
[:mouse_button_pressed, 1, 0, 1, 105, 263]
[:mouse_button_up, 1, 0, 1, 106, 269]
[:mouse_move, 1107, 478, 2, 107, 273]
[:mouse_button_pressed, 1, 0, 1, 108, 273]
[:mouse_button_up, 1, 0, 1, 109, 278]
[:mouse_move, 1106, 478, 2, 110, 279]
[:mouse_move, 1105, 478, 2, 111, 280]
[:mouse_move, 1104, 478, 2, 112, 281]
[:mouse_move, 1103, 478, 2, 113, 282]
[:mouse_move, 1101, 478, 2, 114, 284]
[:mouse_move, 1100, 478, 2, 115, 285]
[:mouse_move, 1099, 478, 2, 116, 286]
[:mouse_move, 1096, 479, 2, 117, 287]
[:mouse_move, 1091, 482, 2, 118, 288]
[:mouse_move, 1086, 484, 2, 119, 289]
[:mouse_move, 1078, 488, 2, 120, 290]
[:mouse_move, 1060, 497, 2, 121, 291]
[:mouse_move, 1037, 505, 2, 122, 292]
[:mouse_move, 1005, 513, 2, 123, 293]
[:mouse_move, 963, 521, 2, 124, 294]
[:mouse_move, 898, 521, 2, 125, 295]
[:mouse_move, 821, 521, 2, 126, 296]
[:mouse_move, 701, 521, 2, 127, 297]
[:mouse_move, 589, 520, 2, 128, 298]
[:mouse_move, 491, 520, 2, 129, 299]
[:mouse_move, 466, 520, 2, 130, 299]
[:mouse_move, 395, 520, 2, 131, 300]
[:mouse_move, 344, 520, 2, 132, 301]
[:mouse_move, 304, 526, 2, 133, 302]
[:mouse_move, 278, 538, 2, 134, 303]
[:mouse_move, 259, 551, 2, 135, 304]
[:mouse_move, 247, 559, 2, 136, 305]
[:mouse_move, 239, 567, 2, 137, 306]
[:mouse_move, 234, 571, 2, 138, 307]
[:mouse_move, 233, 572, 2, 139, 308]
[:mouse_move, 232, 573, 2, 140, 309]
[:mouse_move, 230, 575, 2, 141, 310]
[:mouse_move, 228, 576, 2, 142, 311]
[:mouse_move, 223, 579, 2, 143, 312]
[:mouse_move, 215, 584, 2, 144, 313]
[:mouse_move, 205, 587, 2, 145, 314]
[:mouse_move, 202, 588, 2, 146, 314]
[:mouse_move, 190, 591, 2, 147, 315]
[:mouse_move, 180, 594, 2, 148, 316]
[:mouse_move, 173, 594, 2, 149, 317]
[:mouse_move, 168, 594, 2, 150, 318]
[:mouse_move, 166, 594, 2, 151, 318]
[:mouse_move, 165, 594, 2, 152, 319]
[:mouse_move, 162, 594, 2, 153, 320]
[:mouse_move, 160, 595, 2, 154, 321]
[:mouse_move, 157, 597, 2, 155, 322]
[:mouse_move, 155, 598, 2, 156, 323]
[:mouse_move, 154, 599, 2, 157, 324]
[:mouse_button_pressed, 1, 0, 1, 158, 330]
[:mouse_button_up, 1, 0, 1, 159, 335]
[:mouse_move, 153, 599, 2, 160, 340]
[:mouse_button_pressed, 1, 0, 1, 161, 346]
[:mouse_button_up, 1, 0, 1, 162, 352]
[:mouse_move, 152, 599, 2, 163, 354]
[:mouse_move, 155, 597, 2, 164, 360]
[:mouse_move, 165, 595, 2, 165, 361]
[:mouse_move, 168, 594, 2, 166, 361]
[:mouse_move, 193, 587, 2, 167, 362]
[:mouse_move, 237, 578, 2, 168, 363]
[:mouse_move, 287, 567, 2, 169, 364]
[:mouse_move, 354, 553, 2, 170, 365]
[:mouse_move, 442, 534, 2, 171, 366]
[:mouse_move, 558, 511, 2, 172, 367]
[:mouse_move, 647, 496, 2, 173, 368]
[:mouse_move, 720, 494, 2, 174, 369]
[:mouse_move, 776, 489, 2, 175, 370]
[:mouse_move, 788, 489, 2, 176, 370]
[:mouse_move, 821, 489, 2, 177, 371]
[:mouse_move, 839, 488, 2, 178, 372]
[:mouse_move, 845, 486, 2, 179, 373]
[:mouse_move, 848, 486, 2, 180, 374]
[:mouse_move, 852, 486, 2, 181, 375]
[:mouse_move, 856, 486, 2, 182, 376]
[:mouse_move, 858, 486, 2, 183, 376]
[:mouse_move, 865, 486, 2, 184, 377]
[:mouse_move, 874, 486, 2, 185, 378]
[:mouse_move, 888, 485, 2, 186, 379]
[:mouse_move, 891, 485, 2, 187, 379]
[:mouse_move, 905, 485, 2, 188, 380]
[:mouse_move, 923, 485, 2, 189, 381]
[:mouse_move, 941, 489, 2, 190, 382]
[:mouse_move, 962, 494, 2, 191, 383]
[:mouse_move, 982, 498, 2, 192, 384]
[:mouse_move, 1011, 507, 2, 193, 385]
[:mouse_move, 1033, 510, 2, 194, 386]
[:mouse_move, 1053, 511, 2, 195, 387]
[:mouse_move, 1066, 511, 2, 196, 388]
[:mouse_move, 1078, 511, 2, 197, 389]
[:mouse_move, 1082, 511, 2, 198, 390]
[:mouse_move, 1087, 511, 2, 199, 391]
[:mouse_move, 1090, 511, 2, 200, 392]
[:mouse_move, 1093, 511, 2, 201, 393]
[:mouse_move, 1096, 511, 2, 202, 394]
[:mouse_move, 1097, 511, 2, 203, 395]
[:mouse_move, 1098, 511, 2, 204, 396]
[:mouse_move, 1099, 511, 2, 205, 398]
[:mouse_move, 1101, 511, 2, 206, 399]
[:mouse_button_pressed, 1, 0, 1, 207, 407]
[:mouse_button_up, 1, 0, 1, 208, 412]
[:mouse_button_pressed, 1, 0, 1, 209, 426]
[:mouse_button_up, 1, 0, 1, 210, 432]
[:mouse_move, 1099, 511, 2, 211, 437]
[:mouse_move, 1096, 511, 2, 212, 438]
[:mouse_move, 1086, 515, 2, 213, 439]
[:mouse_move, 1070, 522, 2, 214, 440]
[:mouse_move, 1047, 529, 2, 215, 441]
[:mouse_move, 1007, 538, 2, 216, 442]
[:mouse_move, 967, 549, 2, 217, 443]
[:mouse_move, 908, 557, 2, 218, 444]
[:mouse_move, 839, 557, 2, 219, 445]
[:mouse_move, 764, 560, 2, 220, 446]
[:mouse_move, 664, 561, 2, 221, 447]
[:mouse_move, 577, 561, 2, 222, 448]
[:mouse_move, 497, 561, 2, 223, 449]
[:mouse_move, 446, 562, 2, 224, 450]
[:mouse_move, 397, 562, 2, 225, 451]
[:mouse_move, 359, 562, 2, 226, 452]
[:mouse_move, 336, 562, 2, 227, 453]
[:mouse_move, 322, 563, 2, 228, 454]
[:mouse_move, 317, 565, 2, 229, 461]
[:mouse_move, 315, 566, 2, 230, 461]
[:mouse_move, 308, 571, 2, 231, 462]
[:mouse_move, 298, 575, 2, 232, 463]
[:mouse_move, 284, 581, 2, 233, 464]
[:mouse_move, 273, 587, 2, 234, 465]
[:mouse_move, 266, 588, 2, 235, 466]
[:mouse_move, 254, 592, 2, 236, 467]
[:mouse_move, 243, 596, 2, 237, 468]
[:mouse_move, 231, 599, 2, 238, 469]
[:mouse_move, 214, 603, 2, 239, 470]
[:mouse_move, 205, 606, 2, 240, 471]
[:mouse_move, 197, 608, 2, 241, 472]
[:mouse_move, 194, 609, 2, 242, 473]
[:mouse_move, 191, 609, 2, 243, 474]
[:mouse_move, 188, 610, 2, 244, 475]
[:mouse_move, 184, 611, 2, 245, 476]
[:mouse_move, 181, 611, 2, 246, 477]
[:mouse_move, 178, 612, 2, 247, 478]
[:mouse_move, 176, 613, 2, 248, 479]
[:mouse_move, 174, 613, 2, 249, 480]
[:mouse_move, 173, 613, 2, 250, 481]
[:mouse_move, 172, 614, 2, 251, 483]
[:mouse_move, 171, 614, 2, 252, 487]
[:mouse_button_pressed, 1, 0, 1, 253, 490]
[:mouse_button_up, 1, 0, 1, 254, 497]
[:mouse_move, 172, 614, 2, 255, 506]
[:mouse_move, 176, 614, 2, 256, 507]
[:mouse_move, 184, 614, 2, 257, 508]
[:mouse_move, 188, 614, 2, 258, 508]
[:mouse_move, 210, 612, 2, 259, 509]
[:mouse_move, 236, 612, 2, 260, 510]
[:mouse_move, 265, 608, 2, 261, 511]
[:mouse_move, 297, 605, 2, 262, 512]
[:mouse_move, 338, 597, 2, 263, 513]
[:mouse_move, 397, 588, 2, 264, 514]
[:mouse_move, 450, 584, 2, 265, 515]
[:mouse_move, 507, 581, 2, 266, 516]
[:mouse_move, 562, 578, 2, 267, 517]
[:mouse_move, 623, 578, 2, 268, 518]
[:mouse_move, 673, 578, 2, 269, 519]
[:mouse_move, 717, 578, 2, 270, 520]
[:mouse_move, 753, 578, 2, 271, 521]
[:mouse_move, 781, 578, 2, 272, 522]
[:mouse_move, 806, 578, 2, 273, 523]
[:mouse_move, 811, 578, 2, 274, 523]
[:mouse_move, 834, 578, 2, 275, 524]
[:mouse_move, 853, 578, 2, 276, 525]
[:mouse_move, 870, 577, 2, 277, 526]
[:mouse_move, 873, 576, 2, 278, 526]
[:mouse_move, 886, 573, 2, 279, 527]
[:mouse_move, 896, 570, 2, 280, 528]
[:mouse_move, 904, 568, 2, 281, 529]
[:mouse_move, 909, 566, 2, 282, 530]
[:mouse_move, 917, 565, 2, 283, 531]
[:mouse_move, 934, 562, 2, 284, 532]
[:mouse_move, 948, 562, 2, 285, 533]
[:mouse_move, 961, 562, 2, 286, 534]
[:mouse_move, 974, 562, 2, 287, 535]
[:mouse_move, 977, 562, 2, 288, 535]
[:mouse_move, 986, 562, 2, 289, 536]
[:mouse_move, 1000, 562, 2, 290, 537]
[:mouse_move, 1020, 561, 2, 291, 538]
[:mouse_move, 1048, 561, 2, 292, 539]
[:mouse_move, 1073, 561, 2, 293, 540]
[:mouse_move, 1095, 561, 2, 294, 541]
[:mouse_move, 1099, 561, 2, 295, 541]
[:mouse_move, 1107, 558, 2, 296, 542]
[:mouse_move, 1108, 558, 2, 297, 543]
[:mouse_move, 1110, 558, 2, 298, 545]
[:mouse_move, 1110, 557, 2, 299, 548]
[:mouse_move, 1111, 557, 2, 300, 549]
[:mouse_move, 1110, 556, 2, 301, 551]
[:mouse_move, 1110, 555, 2, 302, 552]
[:mouse_move, 1110, 553, 2, 303, 553]
[:mouse_move, 1111, 553, 2, 304, 557]
[:mouse_button_pressed, 1, 0, 1, 305, 558]
[:mouse_move, 1112, 552, 2, 306, 561]
[:mouse_move, 1113, 552, 2, 307, 564]
[:mouse_move, 1114, 552, 2, 308, 565]
[:mouse_button_up, 1, 0, 1, 309, 565]
[:mouse_button_pressed, 1, 0, 1, 310, 573]
[:mouse_button_up, 1, 0, 1, 311, 580]
[:mouse_move, 1113, 552, 2, 312, 584]
[:mouse_move, 1107, 554, 2, 313, 585]
[:mouse_move, 1103, 554, 2, 314, 586]
[:mouse_move, 1099, 556, 2, 315, 587]
[:mouse_move, 1095, 558, 2, 316, 588]
[:mouse_move, 1083, 566, 2, 317, 589]
[:mouse_move, 1071, 571, 2, 318, 590]
[:mouse_move, 1051, 575, 2, 319, 591]
[:mouse_move, 1027, 581, 2, 320, 592]
[:mouse_move, 998, 589, 2, 321, 593]
[:mouse_move, 987, 591, 2, 322, 593]
[:mouse_move, 941, 597, 2, 323, 594]
[:mouse_move, 871, 597, 2, 324, 595]
[:mouse_move, 761, 601, 2, 325, 596]
[:mouse_move, 727, 602, 2, 326, 596]
[:mouse_move, 600, 619, 2, 327, 597]
[:mouse_move, 490, 638, 2, 328, 598]
[:mouse_move, 393, 647, 2, 329, 599]
[:mouse_move, 318, 648, 2, 330, 600]
[:mouse_move, 262, 648, 2, 331, 601]
[:mouse_move, 208, 648, 2, 332, 602]
[:mouse_move, 172, 648, 2, 333, 603]
[:mouse_move, 147, 648, 2, 334, 604]
[:mouse_move, 132, 648, 2, 335, 605]
[:mouse_move, 128, 648, 2, 336, 605]
[:mouse_move, 118, 648, 2, 337, 606]
[:mouse_move, 110, 648, 2, 338, 607]
[:mouse_move, 108, 647, 2, 339, 612]
[:mouse_move, 107, 645, 2, 340, 613]
[:mouse_move, 106, 643, 2, 341, 614]
[:mouse_move, 106, 639, 2, 342, 615]
[:mouse_move, 109, 634, 2, 343, 616]
[:mouse_move, 117, 624, 2, 344, 618]
[:mouse_move, 125, 618, 2, 345, 618]
[:mouse_move, 132, 615, 2, 346, 619]
[:mouse_move, 134, 615, 2, 347, 621]
[:mouse_move, 136, 615, 2, 348, 621]
[:mouse_move, 137, 614, 2, 349, 622]
[:mouse_move, 138, 613, 2, 350, 631]
[:mouse_button_pressed, 1, 0, 1, 351, 631]
[:mouse_button_up, 1, 0, 1, 352, 637]
[:mouse_move, 149, 613, 2, 353, 651]
[:mouse_move, 172, 613, 2, 354, 652]
[:mouse_move, 216, 613, 2, 355, 653]
[:mouse_move, 290, 613, 2, 356, 654]
[:mouse_move, 397, 613, 2, 357, 655]
[:mouse_move, 549, 613, 2, 358, 657]
[:mouse_move, 662, 611, 2, 359, 657]
[:mouse_move, 745, 609, 2, 360, 658]
[:mouse_move, 786, 600, 2, 361, 659]
[:mouse_move, 811, 592, 2, 362, 661]
[:mouse_move, 825, 589, 2, 363, 661]
[:mouse_move, 840, 586, 2, 364, 662]
[:mouse_move, 860, 580, 2, 365, 664]
[:mouse_move, 895, 574, 2, 366, 664]
[:mouse_move, 923, 570, 2, 367, 666]
[:mouse_move, 955, 564, 2, 368, 666]
[:mouse_move, 984, 557, 2, 369, 668]
[:mouse_move, 1005, 551, 2, 370, 668]
[:mouse_move, 1017, 548, 2, 371, 669]
[:mouse_move, 1027, 545, 2, 372, 670]
[:mouse_move, 1045, 540, 2, 373, 672]
[:mouse_move, 1066, 537, 2, 374, 673]
[:mouse_move, 1073, 535, 2, 375, 673]
[:mouse_move, 1092, 533, 2, 376, 673]
[:mouse_move, 1109, 531, 2, 377, 675]
[:mouse_move, 1120, 531, 2, 378, 675]
[:mouse_move, 1128, 529, 2, 379, 677]
[:mouse_move, 1130, 528, 2, 380, 678]
[:mouse_move, 1131, 527, 2, 381, 679]
[:mouse_move, 1132, 527, 2, 382, 680]
[:mouse_move, 1134, 526, 2, 383, 682]
[:mouse_move, 1133, 525, 2, 384, 688]
[:mouse_move, 1133, 524, 2, 385, 690]
[:mouse_move, 1132, 524, 2, 386, 691]
[:mouse_move, 1131, 524, 2, 387, 691]
[:mouse_move, 1130, 524, 2, 388, 692]
[:mouse_move, 1129, 524, 2, 389, 693]
[:mouse_move, 1127, 524, 2, 390, 694]
[:mouse_move, 1126, 524, 2, 391, 696]
[:mouse_button_pressed, 1, 0, 1, 392, 701]
[:mouse_move, 1125, 523, 2, 393, 702]
[:mouse_button_up, 1, 0, 1, 394, 707]
[:mouse_button_pressed, 1, 0, 1, 395, 718]
[:mouse_button_up, 1, 0, 1, 396, 726]
[:mouse_move, 1123, 525, 2, 397, 728]
[:mouse_move, 1122, 525, 2, 398, 729]
[:mouse_move, 1119, 526, 2, 399, 730]
[:mouse_move, 1117, 527, 2, 400, 731]
[:mouse_move, 1116, 527, 2, 401, 732]
[:mouse_move, 1113, 528, 2, 402, 733]
[:mouse_move, 1110, 530, 2, 403, 734]
[:mouse_move, 1108, 531, 2, 404, 734]
[:mouse_move, 1102, 535, 2, 405, 735]
[:mouse_move, 1090, 540, 2, 406, 736]
[:mouse_move, 1074, 546, 2, 407, 737]
[:mouse_move, 1046, 552, 2, 408, 738]
[:mouse_move, 1037, 554, 2, 409, 738]
[:mouse_move, 988, 567, 2, 410, 739]
[:mouse_move, 933, 581, 2, 411, 740]
[:mouse_move, 874, 594, 2, 412, 741]
[:mouse_move, 807, 609, 2, 413, 742]
[:mouse_move, 751, 616, 2, 414, 743]
[:mouse_move, 698, 618, 2, 415, 744]
[:mouse_move, 685, 618, 2, 416, 744]
[:mouse_move, 633, 618, 2, 417, 745]
[:mouse_move, 583, 618, 2, 418, 746]
[:mouse_move, 534, 618, 2, 419, 747]
[:mouse_move, 491, 620, 2, 420, 748]
[:mouse_move, 453, 618, 2, 421, 749]
[:mouse_move, 411, 611, 2, 422, 750]
[:mouse_move, 382, 604, 2, 423, 751]
[:mouse_move, 346, 597, 2, 424, 752]
[:mouse_move, 324, 593, 2, 425, 753]
[:mouse_move, 288, 591, 2, 426, 754]
[:mouse_move, 267, 591, 2, 427, 755]
[:mouse_move, 253, 591, 2, 428, 756]
[:mouse_move, 243, 591, 2, 429, 757]
[:mouse_move, 230, 592, 2, 430, 758]
[:mouse_move, 214, 596, 2, 431, 759]
[:mouse_move, 207, 597, 2, 432, 759]
[:mouse_move, 186, 597, 2, 433, 760]
[:mouse_move, 162, 597, 2, 434, 761]
[:mouse_move, 147, 597, 2, 435, 762]
[:mouse_move, 140, 597, 2, 436, 763]
[:mouse_move, 139, 597, 2, 437, 764]
[:mouse_button_pressed, 1, 0, 1, 438, 776]
[:mouse_button_up, 1, 0, 1, 439, 783]
[:mouse_move, 139, 598, 2, 440, 784]
[:mouse_move, 139, 599, 2, 441, 787]
[:mouse_move, 143, 599, 2, 442, 789]
[:mouse_move, 149, 599, 2, 443, 790]
[:mouse_move, 161, 599, 2, 444, 791]
[:mouse_move, 174, 599, 2, 445, 792]
[:mouse_move, 199, 599, 2, 446, 793]
[:mouse_move, 226, 599, 2, 447, 794]
[:mouse_move, 262, 599, 2, 448, 795]
[:mouse_move, 305, 599, 2, 449, 796]
[:mouse_move, 317, 599, 2, 450, 796]
[:mouse_move, 353, 599, 2, 451, 797]
[:mouse_move, 422, 599, 2, 452, 798]
[:mouse_move, 471, 599, 2, 453, 799]
[:mouse_move, 525, 599, 2, 454, 800]
[:mouse_move, 573, 591, 2, 455, 801]
[:mouse_move, 622, 586, 2, 456, 802]
[:mouse_move, 648, 579, 2, 457, 803]
[:mouse_move, 655, 577, 2, 458, 803]
[:mouse_move, 679, 572, 2, 459, 804]
[:mouse_move, 695, 567, 2, 460, 805]
[:mouse_move, 709, 564, 2, 461, 806]
[:mouse_move, 728, 561, 2, 462, 807]
[:mouse_move, 755, 561, 2, 463, 808]
[:mouse_move, 763, 561, 2, 464, 808]
[:mouse_move, 791, 561, 2, 465, 809]
[:mouse_move, 842, 561, 2, 466, 810]
[:mouse_move, 853, 561, 2, 467, 810]
[:mouse_move, 885, 561, 2, 468, 811]
[:mouse_move, 930, 561, 2, 469, 812]
[:mouse_move, 955, 559, 2, 470, 813]
[:mouse_move, 970, 559, 2, 471, 814]
[:mouse_move, 981, 556, 2, 472, 815]
[:mouse_move, 990, 554, 2, 473, 816]
[:mouse_move, 992, 554, 2, 474, 816]
[:mouse_move, 999, 554, 2, 475, 817]
[:mouse_move, 1011, 554, 2, 476, 818]
[:mouse_move, 1020, 554, 2, 477, 819]
[:mouse_move, 1023, 554, 2, 478, 820]
[:mouse_move, 1024, 554, 2, 479, 821]
[:mouse_move, 1038, 551, 2, 480, 827]
[:mouse_move, 1042, 550, 2, 481, 828]
[:mouse_move, 1052, 550, 2, 482, 829]
[:mouse_move, 1065, 546, 2, 483, 830]
[:mouse_move, 1075, 545, 2, 484, 831]
[:mouse_move, 1086, 544, 2, 485, 832]
[:mouse_move, 1092, 544, 2, 486, 833]
[:mouse_move, 1100, 544, 2, 487, 834]
[:mouse_move, 1102, 544, 2, 488, 835]
[:mouse_move, 1107, 544, 2, 489, 836]
[:mouse_move, 1110, 543, 2, 490, 837]
[:mouse_move, 1111, 542, 2, 491, 838]
[:mouse_move, 1113, 541, 2, 492, 839]
[:mouse_button_pressed, 1, 0, 1, 493, 842]
[:mouse_button_up, 1, 0, 1, 494, 847]
[:mouse_move, 1113, 542, 2, 495, 852]
[:mouse_button_pressed, 1, 0, 1, 496, 858]
[:mouse_move, 1111, 543, 2, 497, 858]
[:mouse_move, 1110, 543, 2, 498, 865]
[:mouse_button_up, 1, 0, 1, 499, 865]
[:mouse_move, 1109, 543, 2, 500, 866]
[:mouse_move, 1107, 544, 2, 501, 867]
[:mouse_move, 1105, 545, 2, 502, 868]
[:mouse_move, 1103, 546, 2, 503, 870]
[:mouse_move, 1098, 551, 2, 504, 874]
[:mouse_move, 1085, 558, 2, 505, 875]
[:mouse_move, 1064, 565, 2, 506, 876]
[:mouse_move, 1029, 570, 2, 507, 877]
[:mouse_move, 972, 575, 2, 508, 878]
[:mouse_move, 909, 580, 2, 509, 879]
[:mouse_move, 835, 581, 2, 510, 880]
[:mouse_move, 731, 581, 2, 511, 881]
[:mouse_move, 589, 581, 2, 512, 882]
[:mouse_move, 488, 581, 2, 513, 883]
[:mouse_move, 412, 581, 2, 514, 884]
[:mouse_move, 357, 581, 2, 515, 885]
[:mouse_move, 314, 581, 2, 516, 886]
[:mouse_move, 294, 581, 2, 517, 887]
[:mouse_move, 289, 581, 2, 518, 888]
[:mouse_move, 287, 581, 2, 519, 889]
[:mouse_move, 286, 581, 2, 520, 896]
[:mouse_move, 282, 581, 2, 521, 897]
[:mouse_move, 265, 585, 2, 522, 898]
[:mouse_move, 240, 591, 2, 523, 899]
[:mouse_move, 199, 598, 2, 524, 900]
[:mouse_move, 173, 604, 2, 525, 901]
[:mouse_move, 158, 608, 2, 526, 902]
[:mouse_move, 153, 610, 2, 527, 903]
[:mouse_move, 152, 610, 2, 528, 904]
[:mouse_move, 150, 610, 2, 529, 905]
[:mouse_move, 149, 611, 2, 530, 906]
[:mouse_move, 148, 611, 2, 531, 907]
[:mouse_move, 147, 611, 2, 532, 908]
[:mouse_move, 145, 611, 2, 533, 913]
[:mouse_move, 144, 611, 2, 534, 917]
[:mouse_move, 143, 611, 2, 535, 918]
[:mouse_move, 142, 611, 2, 536, 919]
[:mouse_move, 141, 611, 2, 537, 919]
[:mouse_move, 138, 611, 2, 538, 920]
[:mouse_move, 136, 611, 2, 539, 921]
[:mouse_move, 133, 611, 2, 540, 922]
[:mouse_move, 132, 611, 2, 541, 923]
[:mouse_move, 131, 611, 2, 542, 924]
[:mouse_button_pressed, 1, 0, 1, 543, 927]
[:mouse_button_up, 1, 0, 1, 544, 932]
[:mouse_move, 130, 611, 2, 545, 933]
[:mouse_move, 130, 612, 2, 546, 935]
[:mouse_move, 132, 612, 2, 547, 936]
[:mouse_move, 137, 612, 2, 548, 937]
[:mouse_move, 139, 612, 2, 549, 937]
[:mouse_move, 152, 614, 2, 550, 938]
[:mouse_move, 169, 619, 2, 551, 939]
[:mouse_move, 184, 620, 2, 552, 940]
[:mouse_move, 208, 623, 2, 553, 941]
[:mouse_move, 244, 625, 2, 554, 942]
[:mouse_move, 284, 626, 2, 555, 943]
[:mouse_move, 296, 626, 2, 556, 943]
[:mouse_move, 354, 624, 2, 557, 944]
[:mouse_move, 425, 620, 2, 558, 945]
[:mouse_move, 509, 617, 2, 559, 946]
[:mouse_move, 607, 617, 2, 560, 947]
[:mouse_move, 690, 617, 2, 561, 948]
[:mouse_move, 759, 617, 2, 562, 949]
[:mouse_move, 818, 617, 2, 563, 950]
[:mouse_move, 860, 614, 2, 564, 951]
[:mouse_move, 867, 613, 2, 565, 951]
[:mouse_move, 893, 607, 2, 566, 952]
[:mouse_move, 909, 603, 2, 567, 953]
[:mouse_move, 921, 600, 2, 568, 954]
[:mouse_move, 932, 597, 2, 569, 955]
[:mouse_move, 943, 594, 2, 570, 956]
[:mouse_move, 966, 588, 2, 571, 957]
[:mouse_move, 989, 582, 2, 572, 958]
[:mouse_move, 1015, 575, 2, 573, 959]
[:mouse_move, 1035, 570, 2, 574, 960]
[:mouse_move, 1053, 564, 2, 575, 961]
[:mouse_move, 1058, 562, 2, 576, 962]
[:mouse_move, 1060, 562, 2, 577, 963]
[:mouse_move, 1060, 561, 2, 578, 965]
[:mouse_move, 1061, 559, 2, 579, 967]
[:mouse_move, 1061, 557, 2, 580, 968]
[:mouse_move, 1061, 554, 2, 581, 969]
[:mouse_move, 1059, 550, 2, 582, 970]
[:mouse_move, 1056, 546, 2, 583, 971]
[:mouse_move, 1055, 542, 2, 584, 972]
[:mouse_move, 1053, 540, 2, 585, 973]
[:mouse_move, 1052, 538, 2, 586, 974]
[:mouse_move, 1052, 534, 2, 587, 975]
[:mouse_move, 1051, 533, 2, 588, 976]
[:mouse_move, 1051, 531, 2, 589, 977]
[:mouse_move, 1051, 529, 2, 590, 978]
[:mouse_move, 1051, 527, 2, 591, 979]
[:mouse_move, 1049, 526, 2, 592, 980]
[:mouse_move, 1049, 525, 2, 593, 981]
[:mouse_move, 1048, 525, 2, 594, 981]
[:mouse_move, 1047, 523, 2, 595, 982]
[:mouse_move, 1044, 521, 2, 596, 983]
[:mouse_move, 1040, 518, 2, 597, 984]
[:mouse_move, 1039, 517, 2, 598, 985]
[:mouse_move, 1039, 516, 2, 599, 986]
[:mouse_move, 1043, 514, 2, 600, 987]
[:mouse_move, 1047, 514, 2, 601, 988]
[:mouse_move, 1053, 512, 2, 602, 989]
[:mouse_move, 1059, 511, 2, 603, 990]
[:mouse_move, 1069, 508, 2, 604, 991]
[:mouse_move, 1084, 503, 2, 605, 992]
[:mouse_move, 1095, 500, 2, 606, 993]
[:mouse_move, 1106, 495, 2, 607, 994]
[:mouse_move, 1108, 494, 2, 608, 995]
[:mouse_move, 1111, 493, 2, 609, 996]
[:mouse_move, 1112, 492, 2, 610, 997]
[:mouse_button_pressed, 1, 0, 1, 611, 1002]
[:mouse_move, 1113, 492, 2, 612, 1003]
[:mouse_move, 1114, 492, 2, 613, 1004]
[:mouse_button_up, 1, 0, 1, 614, 1007]
[:mouse_move, 1115, 492, 2, 615, 1012]
[:mouse_move, 1116, 492, 2, 616, 1013]
[:mouse_move, 1116, 490, 2, 617, 1016]
[:mouse_button_pressed, 1, 0, 1, 618, 1017]
[:mouse_button_up, 1, 0, 1, 619, 1022]
[:mouse_move, 1114, 491, 2, 620, 1024]
[:mouse_move, 1113, 492, 2, 621, 1025]
[:mouse_move, 1111, 493, 2, 622, 1026]
[:mouse_move, 1104, 497, 2, 623, 1027]
[:mouse_move, 1102, 499, 2, 624, 1028]
[:mouse_move, 1094, 503, 2, 625, 1029]
[:mouse_move, 1091, 506, 2, 626, 1029]
[:mouse_move, 1079, 513, 2, 627, 1030]
[:mouse_move, 1058, 526, 2, 628, 1031]
[:mouse_move, 1028, 539, 2, 629, 1032]
[:mouse_move, 986, 553, 2, 630, 1033]
[:mouse_move, 939, 565, 2, 631, 1034]
[:mouse_move, 893, 571, 2, 632, 1035]
[:mouse_move, 881, 572, 2, 633, 1035]
[:mouse_move, 834, 572, 2, 634, 1036]
[:mouse_move, 782, 572, 2, 635, 1037]
[:mouse_move, 721, 574, 2, 636, 1038]
[:mouse_move, 669, 574, 2, 637, 1039]
[:mouse_move, 616, 576, 2, 638, 1040]
[:mouse_move, 566, 576, 2, 639, 1041]
[:mouse_move, 517, 576, 2, 640, 1042]
[:mouse_move, 462, 576, 2, 641, 1043]
[:mouse_move, 433, 576, 2, 642, 1044]
[:mouse_move, 425, 576, 2, 643, 1044]
[:mouse_move, 396, 576, 2, 644, 1045]
[:mouse_move, 375, 576, 2, 645, 1046]
[:mouse_move, 359, 576, 2, 646, 1047]
[:mouse_move, 342, 576, 2, 647, 1048]
[:mouse_move, 331, 576, 2, 648, 1049]
[:mouse_move, 329, 576, 2, 649, 1049]
[:mouse_move, 324, 576, 2, 650, 1050]
[:mouse_move, 318, 577, 2, 651, 1051]
[:mouse_move, 317, 578, 2, 652, 1052]
[:mouse_move, 317, 579, 2, 653, 1053]
[:mouse_move, 314, 581, 2, 654, 1054]
[:mouse_move, 311, 584, 2, 655, 1055]
[:mouse_move, 309, 586, 2, 656, 1056]
[:mouse_move, 306, 590, 2, 657, 1057]
[:mouse_move, 304, 593, 2, 658, 1058]
[:mouse_move, 302, 594, 2, 659, 1058]
[:mouse_move, 296, 597, 2, 660, 1059]
[:mouse_move, 288, 601, 2, 661, 1060]
[:mouse_move, 275, 605, 2, 662, 1061]
[:mouse_move, 256, 609, 2, 663, 1062]
[:mouse_move, 241, 614, 2, 664, 1063]
[:mouse_move, 229, 617, 2, 665, 1064]
[:mouse_move, 217, 619, 2, 666, 1065]
[:mouse_move, 209, 619, 2, 667, 1066]
[:mouse_move, 203, 619, 2, 668, 1067]
[:mouse_move, 201, 619, 2, 669, 1067]
[:mouse_move, 194, 619, 2, 670, 1068]
[:mouse_move, 188, 619, 2, 671, 1069]
[:mouse_move, 185, 619, 2, 672, 1070]
[:mouse_move, 179, 619, 2, 673, 1071]
[:mouse_move, 175, 618, 2, 674, 1072]
[:mouse_move, 170, 617, 2, 675, 1073]
[:mouse_move, 169, 617, 2, 676, 1073]
[:mouse_move, 163, 617, 2, 677, 1074]
[:mouse_move, 162, 616, 2, 678, 1075]
[:mouse_move, 159, 616, 2, 679, 1076]
[:mouse_move, 158, 616, 2, 680, 1079]
[:mouse_button_pressed, 1, 0, 1, 681, 1079]
[:mouse_move, 157, 615, 2, 682, 1079]
[:mouse_button_up, 1, 0, 1, 683, 1084]
[:mouse_move, 158, 615, 2, 684, 1089]
[:mouse_move, 166, 615, 2, 685, 1090]
[:mouse_move, 178, 615, 2, 686, 1091]
[:mouse_move, 194, 615, 2, 687, 1092]
[:mouse_move, 224, 615, 2, 688, 1093]
[:mouse_move, 260, 615, 2, 689, 1094]
[:mouse_move, 269, 615, 2, 690, 1094]
[:mouse_move, 309, 614, 2, 691, 1095]
[:mouse_move, 360, 612, 2, 692, 1096]
[:mouse_move, 413, 611, 2, 693, 1097]
[:mouse_move, 426, 609, 2, 694, 1097]
[:mouse_move, 477, 606, 2, 695, 1098]
[:mouse_move, 525, 601, 2, 696, 1099]
[:mouse_move, 564, 596, 2, 697, 1100]
[:mouse_move, 598, 595, 2, 698, 1101]
[:mouse_move, 629, 593, 2, 699, 1102]
[:mouse_move, 636, 591, 2, 700, 1102]
[:mouse_move, 662, 587, 2, 701, 1103]
[:mouse_move, 693, 579, 2, 702, 1104]
[:mouse_move, 731, 571, 2, 703, 1105]
[:mouse_move, 769, 562, 2, 704, 1106]
[:mouse_move, 822, 556, 2, 705, 1107]
[:mouse_move, 858, 553, 2, 706, 1108]
[:mouse_move, 891, 545, 2, 707, 1109]
[:mouse_move, 916, 538, 2, 708, 1110]
[:mouse_move, 937, 531, 2, 709, 1111]
[:mouse_move, 950, 529, 2, 710, 1112]
[:mouse_move, 954, 528, 2, 711, 1112]
[:mouse_move, 965, 523, 2, 712, 1113]
[:mouse_move, 976, 521, 2, 713, 1114]
[:mouse_move, 983, 519, 2, 714, 1115]
[:mouse_move, 987, 517, 2, 715, 1116]
[:mouse_move, 991, 516, 2, 716, 1117]
[:mouse_move, 992, 516, 2, 717, 1118]
[:mouse_move, 995, 515, 2, 718, 1119]
[:mouse_move, 996, 515, 2, 719, 1120]
[:mouse_move, 1000, 514, 2, 720, 1121]
[:mouse_move, 1006, 513, 2, 721, 1122]
[:mouse_move, 1014, 511, 2, 722, 1123]
[:mouse_move, 1023, 508, 2, 723, 1124]
[:mouse_move, 1032, 506, 2, 724, 1125]
[:mouse_move, 1038, 503, 2, 725, 1126]
[:mouse_move, 1039, 503, 2, 726, 1126]
[:mouse_move, 1043, 502, 2, 727, 1127]
[:mouse_move, 1046, 501, 2, 728, 1128]
[:mouse_move, 1051, 500, 2, 729, 1129]
[:mouse_move, 1052, 499, 2, 730, 1129]
[:mouse_move, 1058, 496, 2, 731, 1130]
[:mouse_move, 1060, 496, 2, 732, 1130]
[:mouse_move, 1074, 490, 2, 733, 1131]
[:mouse_move, 1084, 487, 2, 734, 1132]
[:mouse_move, 1088, 485, 2, 735, 1133]
[:mouse_move, 1091, 485, 2, 736, 1134]
[:mouse_move, 1094, 485, 2, 737, 1136]
[:mouse_move, 1096, 484, 2, 738, 1137]
[:mouse_move, 1099, 483, 2, 739, 1138]
[:mouse_move, 1101, 482, 2, 740, 1139]
[:mouse_button_pressed, 1, 0, 1, 741, 1143]
[:mouse_move, 1103, 480, 2, 742, 1144]
[:mouse_button_up, 1, 0, 1, 743, 1148]
[:mouse_button_pressed, 1, 0, 1, 744, 1157]
[:mouse_move, 1100, 480, 2, 745, 1158]
[:mouse_move, 1098, 480, 2, 746, 1164]
[:mouse_button_up, 1, 0, 1, 747, 1164]
[:mouse_move, 1097, 481, 2, 748, 1167]
[:mouse_move, 1094, 483, 2, 749, 1168]
[:mouse_move, 1093, 485, 2, 750, 1169]
[:mouse_move, 1089, 489, 2, 751, 1170]
[:mouse_move, 1084, 493, 2, 752, 1171]
[:mouse_move, 1075, 498, 2, 753, 1172]
[:mouse_move, 1053, 507, 2, 754, 1173]
[:mouse_move, 1012, 518, 2, 755, 1174]
[:mouse_move, 947, 535, 2, 756, 1175]
[:mouse_move, 852, 551, 2, 757, 1176]
[:mouse_move, 701, 556, 2, 758, 1177]
[:mouse_move, 576, 556, 2, 759, 1178]
[:mouse_move, 451, 556, 2, 760, 1179]
[:mouse_move, 323, 556, 2, 761, 1180]
[:mouse_move, 211, 556, 2, 762, 1181]
[:mouse_move, 137, 556, 2, 763, 1182]
[:mouse_move, 62, 556, 2, 764, 1183]
[:mouse_move, 21, 552, 2, 765, 1184]
[:mouse_move, 0, 546, 2, 766, 1186]
[:mouse_move, 3, 559, 2, 767, 1197]
[:mouse_move, 8, 559, 2, 768, 1197]
[:mouse_move, 24, 559, 2, 769, 1198]
[:mouse_move, 34, 559, 2, 770, 1199]
[:mouse_move, 35, 559, 2, 771, 1199]
[:mouse_move, 39, 559, 2, 772, 1200]
[:mouse_move, 40, 559, 2, 773, 1200]
[:mouse_move, 44, 559, 2, 774, 1201]
[:mouse_move, 49, 560, 2, 775, 1202]
[:mouse_move, 64, 563, 2, 776, 1203]
[:mouse_move, 88, 572, 2, 777, 1204]
[:mouse_move, 116, 579, 2, 778, 1205]
[:mouse_move, 145, 586, 2, 779, 1206]
[:mouse_move, 154, 589, 2, 780, 1207]
[:mouse_move, 157, 590, 2, 781, 1208]
[:mouse_button_pressed, 1, 0, 1, 782, 1217]
[:mouse_button_up, 1, 0, 1, 783, 1223]
[:mouse_move, 160, 590, 2, 784, 1226]
[:mouse_move, 162, 590, 2, 785, 1227]
[:mouse_move, 167, 590, 2, 786, 1228]
[:mouse_move, 171, 590, 2, 787, 1229]
[:mouse_move, 175, 589, 2, 788, 1230]
[:mouse_move, 179, 587, 2, 789, 1231]
[:mouse_move, 188, 584, 2, 790, 1232]
[:mouse_move, 203, 580, 2, 791, 1233]
[:mouse_move, 222, 575, 2, 792, 1234]
[:mouse_move, 254, 566, 2, 793, 1235]
[:mouse_move, 301, 561, 2, 794, 1236]
[:mouse_move, 359, 554, 2, 795, 1237]
[:mouse_move, 421, 551, 2, 796, 1238]
[:mouse_move, 438, 549, 2, 797, 1238]
[:mouse_move, 500, 549, 2, 798, 1239]
[:mouse_move, 560, 549, 2, 799, 1240]
[:mouse_move, 614, 546, 2, 800, 1241]
[:mouse_move, 665, 546, 2, 801, 1242]
[:mouse_move, 707, 545, 2, 802, 1243]
[:mouse_move, 744, 540, 2, 803, 1244]
[:mouse_move, 751, 539, 2, 804, 1244]
[:mouse_move, 773, 534, 2, 805, 1245]
[:mouse_move, 791, 530, 2, 806, 1246]
[:mouse_move, 807, 527, 2, 807, 1247]
[:mouse_move, 827, 527, 2, 808, 1248]
[:mouse_move, 844, 527, 2, 809, 1249]
[:mouse_move, 873, 527, 2, 810, 1250]
[:mouse_move, 893, 527, 2, 811, 1251]
[:mouse_move, 908, 527, 2, 812, 1252]
[:mouse_move, 920, 527, 2, 813, 1253]
[:mouse_move, 923, 527, 2, 814, 1253]
[:mouse_move, 935, 527, 2, 815, 1254]
[:mouse_move, 946, 527, 2, 816, 1255]
[:mouse_move, 952, 527, 2, 817, 1256]
[:mouse_move, 954, 527, 2, 818, 1256]
[:mouse_move, 959, 526, 2, 819, 1257]
[:mouse_move, 967, 526, 2, 820, 1258]
[:mouse_move, 981, 526, 2, 821, 1259]
[:mouse_move, 995, 528, 2, 822, 1260]
[:mouse_move, 1013, 533, 2, 823, 1261]
[:mouse_move, 1033, 536, 2, 824, 1262]
[:mouse_move, 1039, 538, 2, 825, 1262]
[:mouse_move, 1062, 544, 2, 826, 1263]
[:mouse_move, 1089, 545, 2, 827, 1264]
[:mouse_move, 1106, 546, 2, 828, 1265]
[:mouse_move, 1111, 546, 2, 829, 1266]
[:mouse_button_pressed, 1, 0, 1, 830, 1278]
[:mouse_button_up, 1, 0, 1, 831, 1283]
[:mouse_move, 1109, 548, 2, 832, 1283]
[:mouse_move, 1105, 550, 2, 833, 1284]
[:mouse_move, 1104, 552, 2, 834, 1285]
[:mouse_move, 1102, 552, 2, 835, 1287]
[:mouse_button_pressed, 1, 0, 1, 836, 1292]
[:mouse_button_up, 1, 0, 1, 837, 1297]
[:mouse_move, 1099, 552, 2, 838, 1305]
[:mouse_move, 1092, 555, 2, 839, 1306]
[:mouse_move, 1089, 556, 2, 840, 1306]
[:mouse_move, 1081, 558, 2, 841, 1307]
[:mouse_move, 1051, 565, 2, 842, 1308]
[:mouse_move, 1016, 568, 2, 843, 1309]
[:mouse_move, 962, 568, 2, 844, 1310]
[:mouse_move, 890, 568, 2, 845, 1311]
[:mouse_move, 816, 568, 2, 846, 1312]
[:mouse_move, 794, 568, 2, 847, 1312]
[:mouse_move, 704, 568, 2, 848, 1313]
[:mouse_move, 598, 568, 2, 849, 1314]
[:mouse_move, 473, 568, 2, 850, 1315]
[:mouse_move, 437, 570, 2, 851, 1315]
[:mouse_move, 306, 572, 2, 852, 1316]
[:mouse_move, 205, 572, 2, 853, 1317]
[:mouse_move, 125, 572, 2, 854, 1318]
[:mouse_move, 65, 572, 2, 855, 1319]
[:mouse_move, 25, 573, 2, 856, 1320]
[:mouse_move, 2, 580, 2, 857, 1321]
[:mouse_move, 0, 581, 2, 858, 1322]
[:mouse_move, 0, 585, 2, 859, 1323]
[:mouse_move, 5, 627, 2, 860, 1335]
[:mouse_move, 34, 618, 2, 861, 1336]
[:mouse_move, 63, 610, 2, 862, 1337]
[:mouse_move, 89, 604, 2, 863, 1338]
[:mouse_move, 93, 604, 2, 864, 1338]
[:mouse_move, 109, 598, 2, 865, 1339]
[:mouse_move, 121, 596, 2, 866, 1340]
[:mouse_move, 125, 595, 2, 867, 1341]
[:mouse_move, 126, 595, 2, 868, 1342]
[:mouse_move, 127, 595, 2, 869, 1349]
[:mouse_move, 128, 595, 2, 870, 1352]
[:mouse_move, 129, 597, 2, 871, 1355]
[:mouse_move, 132, 600, 2, 872, 1358]
[:mouse_move, 134, 602, 2, 873, 1359]
[:mouse_move, 136, 603, 2, 874, 1360]
[:mouse_move, 137, 604, 2, 875, 1361]
[:mouse_button_pressed, 1, 0, 1, 876, 1397]
[:mouse_move, 138, 605, 2, 877, 1404]
[:mouse_button_up, 1, 0, 1, 878, 1404]
[:mouse_move, 137, 605, 2, 879, 1407]
[:mouse_move, 145, 608, 2, 880, 1413]
[:mouse_move, 171, 610, 2, 881, 1414]
[:mouse_move, 220, 610, 2, 882, 1415]
[:mouse_move, 237, 610, 2, 883, 1415]
[:mouse_move, 316, 610, 2, 884, 1416]
[:mouse_move, 406, 614, 2, 885, 1417]
[:mouse_move, 495, 619, 2, 886, 1418]
[:mouse_move, 564, 619, 2, 887, 1419]
[:mouse_move, 615, 619, 2, 888, 1420]
[:mouse_move, 654, 618, 2, 889, 1421]
[:mouse_move, 678, 612, 2, 890, 1422]
[:mouse_move, 698, 606, 2, 891, 1423]
[:mouse_move, 717, 602, 2, 892, 1424]
[:mouse_move, 724, 600, 2, 893, 1424]
[:mouse_move, 751, 592, 2, 894, 1425]
[:mouse_move, 784, 581, 2, 895, 1426]
[:mouse_move, 816, 573, 2, 896, 1427]
[:mouse_move, 845, 565, 2, 897, 1428]
[:mouse_move, 874, 558, 2, 898, 1429]
[:mouse_move, 880, 556, 2, 899, 1429]
[:mouse_move, 904, 549, 2, 900, 1430]
[:mouse_move, 927, 542, 2, 901, 1431]
[:mouse_move, 949, 536, 2, 902, 1432]
[:mouse_move, 962, 532, 2, 903, 1433]
[:mouse_move, 971, 529, 2, 904, 1434]
[:mouse_move, 977, 528, 2, 905, 1435]
[:mouse_move, 987, 525, 2, 906, 1436]
[:mouse_move, 1005, 525, 2, 907, 1437]
[:mouse_move, 1032, 525, 2, 908, 1438]
[:mouse_move, 1061, 525, 2, 909, 1439]
[:mouse_move, 1074, 525, 2, 910, 1440]
[:mouse_move, 1077, 523, 2, 911, 1445]
[:mouse_move, 1079, 522, 2, 912, 1451]
[:mouse_move, 1080, 521, 2, 913, 1455]
[:mouse_move, 1082, 520, 2, 914, 1456]
[:mouse_move, 1083, 520, 2, 915, 1457]
[:mouse_move, 1085, 520, 2, 916, 1458]
[:mouse_button_pressed, 1, 0, 1, 917, 1458]
[:mouse_button_up, 1, 0, 1, 918, 1462]
[:mouse_button_pressed, 1, 0, 1, 919, 1469]
[:mouse_button_up, 1, 0, 1, 920, 1474]
[:mouse_move, 1078, 523, 2, 921, 1489]
[:mouse_move, 1065, 524, 2, 922, 1490]
[:mouse_move, 1038, 524, 2, 923, 1491]
[:mouse_move, 997, 524, 2, 924, 1492]
[:mouse_move, 936, 524, 2, 925, 1493]
[:mouse_move, 859, 524, 2, 926, 1494]
[:mouse_move, 750, 524, 2, 927, 1495]
[:mouse_move, 660, 524, 2, 928, 1496]
[:mouse_move, 580, 524, 2, 929, 1497]
[:mouse_move, 509, 535, 2, 930, 1498]
[:mouse_move, 455, 551, 2, 931, 1499]
[:mouse_move, 401, 564, 2, 932, 1500]
[:mouse_move, 370, 572, 2, 933, 1501]
[:mouse_move, 351, 577, 2, 934, 1502]
[:mouse_move, 343, 579, 2, 935, 1503]
[:mouse_move, 342, 579, 2, 936, 1503]
[:mouse_move, 341, 579, 2, 937, 1505]
[:mouse_move, 339, 580, 2, 938, 1507]
[:mouse_move, 336, 581, 2, 939, 1508]
[:mouse_move, 335, 582, 2, 940, 1509]
[:mouse_move, 334, 583, 2, 941, 1509]
[:mouse_move, 333, 583, 2, 942, 1510]
[:mouse_move, 330, 584, 2, 943, 1511]
[:mouse_move, 326, 585, 2, 944, 1513]
[:mouse_move, 319, 591, 2, 945, 1514]
[:mouse_move, 304, 600, 2, 946, 1515]
[:mouse_move, 283, 614, 2, 947, 1516]
[:mouse_move, 254, 625, 2, 948, 1517]
[:mouse_move, 217, 635, 2, 949, 1518]
[:mouse_move, 194, 641, 2, 950, 1519]
[:mouse_move, 181, 641, 2, 951, 1520]
[:mouse_move, 174, 641, 2, 952, 1521]
[:mouse_move, 171, 641, 2, 953, 1522]
[:mouse_move, 169, 640, 2, 954, 1523]
[:mouse_move, 167, 638, 2, 955, 1524]
[:mouse_move, 166, 637, 2, 956, 1525]
[:mouse_move, 164, 634, 2, 957, 1526]
[:mouse_move, 163, 631, 2, 958, 1527]
[:mouse_move, 161, 627, 2, 959, 1528]
[:mouse_move, 158, 624, 2, 960, 1529]
[:mouse_move, 157, 622, 2, 961, 1530]
[:mouse_move, 155, 621, 2, 962, 1531]
[:mouse_move, 154, 619, 2, 963, 1532]
[:mouse_move, 153, 618, 2, 964, 1533]
[:mouse_move, 151, 618, 2, 965, 1535]
[:mouse_move, 150, 616, 2, 966, 1536]
[:mouse_move, 149, 616, 2, 967, 1537]
[:mouse_button_pressed, 1, 0, 1, 968, 1540]
[:mouse_button_up, 1, 0, 1, 969, 1544]
[:mouse_move, 152, 615, 2, 970, 1556]
[:mouse_move, 157, 614, 2, 971, 1557]
[:mouse_move, 164, 611, 2, 972, 1558]
[:mouse_move, 176, 607, 2, 973, 1559]
[:mouse_move, 179, 606, 2, 974, 1559]
[:mouse_move, 202, 601, 2, 975, 1560]
[:mouse_move, 239, 592, 2, 976, 1561]
[:mouse_move, 287, 587, 2, 977, 1562]
[:mouse_move, 340, 586, 2, 978, 1563]
[:mouse_move, 408, 580, 2, 979, 1564]
[:mouse_move, 475, 573, 2, 980, 1565]
[:mouse_move, 491, 573, 2, 981, 1565]
[:mouse_move, 552, 568, 2, 982, 1566]
[:mouse_move, 605, 566, 2, 983, 1567]
[:mouse_move, 616, 565, 2, 984, 1567]
[:mouse_move, 648, 564, 2, 985, 1568]
[:mouse_move, 659, 563, 2, 986, 1568]
[:mouse_move, 697, 563, 2, 987, 1569]
[:mouse_move, 731, 560, 2, 988, 1570]
[:mouse_move, 755, 556, 2, 989, 1571]
[:mouse_move, 769, 551, 2, 990, 1572]
[:mouse_move, 772, 549, 2, 991, 1573]
[:mouse_move, 774, 548, 2, 992, 1574]
[:mouse_move, 774, 547, 2, 993, 1574]
[:mouse_move, 775, 544, 2, 994, 1575]
[:mouse_move, 774, 541, 2, 995, 1576]
[:mouse_move, 770, 540, 2, 996, 1577]
[:mouse_move, 764, 537, 2, 997, 1578]
[:mouse_move, 760, 534, 2, 998, 1579]
[:mouse_move, 749, 528, 2, 999, 1580]
[:mouse_move, 732, 517, 2, 1000, 1581]
[:mouse_move, 715, 503, 2, 1001, 1582]
[:mouse_move, 711, 499, 2, 1002, 1582]
[:mouse_move, 698, 479, 2, 1003, 1583]
[:mouse_move, 683, 456, 2, 1004, 1584]
[:mouse_move, 671, 438, 2, 1005, 1585]
[:mouse_move, 658, 425, 2, 1006, 1586]
[:mouse_move, 652, 419, 2, 1007, 1587]
[:mouse_move, 652, 414, 2, 1008, 1588]
[:mouse_move, 650, 411, 2, 1009, 1589]
[:mouse_move, 649, 409, 2, 1010, 1590]
[:mouse_move, 648, 408, 2, 1011, 1591]
[:mouse_move, 647, 408, 2, 1012, 1591]
[:mouse_move, 639, 407, 2, 1013, 1592]
[:mouse_move, 625, 404, 2, 1014, 1593]
[:mouse_move, 616, 401, 2, 1015, 1594]
[:mouse_move, 609, 398, 2, 1016, 1595]
[:mouse_move, 605, 397, 2, 1017, 1596]
[:mouse_move, 603, 396, 2, 1018, 1597]
[:mouse_move, 603, 395, 2, 1019, 1598]
[:mouse_move, 602, 391, 2, 1020, 1601]
[:mouse_move, 602, 388, 2, 1021, 1602]
[:mouse_move, 602, 384, 2, 1022, 1603]
[:mouse_move, 602, 380, 2, 1023, 1604]
[:mouse_move, 602, 376, 2, 1024, 1605]
[:mouse_move, 602, 373, 2, 1025, 1606]
[:mouse_move, 602, 371, 2, 1026, 1607]
[:mouse_move, 602, 370, 2, 1027, 1612]
[:mouse_move, 601, 368, 2, 1028, 1613]
[:mouse_move, 599, 366, 2, 1029, 1614]
[:mouse_move, 595, 363, 2, 1030, 1615]
[:mouse_move, 593, 361, 2, 1031, 1616]
[:mouse_move, 591, 360, 2, 1032, 1617]
[:mouse_button_pressed, 1, 0, 1, 1033, 1622]
[:mouse_move, 591, 359, 2, 1034, 1625]
[:mouse_button_up, 1, 0, 1, 1035, 1628]
[:mouse_move, 590, 359, 2, 1036, 1635]
[:mouse_move, 589, 359, 2, 1037, 1639]
[:mouse_move, 585, 356, 2, 1038, 1640]
[:mouse_move, 577, 351, 2, 1039, 1641]
[:mouse_move, 563, 342, 2, 1040, 1642]
[:mouse_move, 542, 328, 2, 1041, 1643]
[:mouse_move, 513, 307, 2, 1042, 1644]
[:mouse_move, 480, 285, 2, 1043, 1645]
[:mouse_move, 459, 270, 2, 1044, 1646]
[:mouse_move, 438, 256, 2, 1045, 1647]
[:mouse_move, 434, 253, 2, 1046, 1647]
[:mouse_move, 415, 240, 2, 1047, 1648]
[:mouse_move, 402, 231, 2, 1048, 1649]
[:mouse_move, 397, 226, 2, 1049, 1650]
[:mouse_move, 393, 221, 2, 1050, 1651]
[:mouse_move, 388, 217, 2, 1051, 1652]
[:mouse_move, 383, 213, 2, 1052, 1653]
[:mouse_move, 380, 212, 2, 1053, 1654]
[:mouse_move, 378, 211, 2, 1054, 1655]
[:mouse_button_pressed, 1, 0, 1, 1055, 1660]
[:mouse_button_up, 1, 0, 1, 1056, 1665]
[:mouse_move, 376, 211, 2, 1057, 1666]
[:mouse_move, 374, 211, 2, 1058, 1667]
[:mouse_move, 373, 210, 2, 1059, 1669]
[:mouse_button_pressed, 1, 0, 1, 1060, 1672]
[:mouse_move, 373, 209, 2, 1061, 1672]
[:mouse_button_up, 1, 0, 1, 1062, 1677]
[:mouse_button_pressed, 1, 0, 1, 1063, 1683]
[:mouse_move, 373, 208, 2, 1064, 1684]
[:mouse_button_up, 1, 0, 1, 1065, 1688]
[:mouse_button_pressed, 1, 0, 1, 1066, 1693]
[:mouse_button_up, 1, 0, 1, 1067, 1697]
[:mouse_button_pressed, 1, 0, 1, 1068, 1705]
[:mouse_button_up, 1, 0, 1, 1069, 1710]
[:mouse_button_pressed, 1, 0, 1, 1070, 1717]
[:mouse_button_up, 1, 0, 1, 1071, 1720]
[:mouse_button_pressed, 1, 0, 1, 1072, 1726]
[:mouse_button_up, 1, 0, 1, 1073, 1730]
[:mouse_button_pressed, 1, 0, 1, 1074, 1735]
[:mouse_button_up, 1, 0, 1, 1075, 1740]
[:mouse_button_pressed, 1, 0, 1, 1076, 1748]
[:mouse_button_up, 1, 0, 1, 1077, 1753]
[:mouse_button_pressed, 1, 0, 1, 1078, 1761]
[:mouse_button_up, 1, 0, 1, 1079, 1766]
[:mouse_button_pressed, 1, 0, 1, 1080, 1774]
[:mouse_button_up, 1, 0, 1, 1081, 1779]
[:mouse_move, 372, 208, 2, 1082, 1779]
[:mouse_button_pressed, 1, 0, 1, 1083, 1786]
[:mouse_button_up, 1, 0, 1, 1084, 1791]
[:mouse_move, 372, 207, 2, 1085, 1795]
[:mouse_button_pressed, 1, 0, 1, 1086, 1798]
[:mouse_button_up, 1, 0, 1, 1087, 1803]
[:mouse_button_pressed, 1, 0, 1, 1088, 1810]
[:mouse_button_up, 1, 0, 1, 1089, 1816]
[:mouse_button_pressed, 1, 0, 1, 1090, 1822]
[:mouse_move, 372, 206, 2, 1091, 1826]
[:mouse_move, 372, 205, 2, 1092, 1827]
[:mouse_move, 372, 203, 2, 1093, 1828]
[:mouse_button_up, 1, 0, 1, 1094, 1828]
[:mouse_button_pressed, 1, 0, 1, 1095, 1835]
[:mouse_button_up, 1, 0, 1, 1096, 1841]
[:mouse_button_pressed, 1, 0, 1, 1097, 1848]
[:mouse_move, 373, 202, 2, 1098, 1848]
[:mouse_button_up, 1, 0, 1, 1099, 1854]
[:mouse_button_pressed, 1, 0, 1, 1100, 1861]
[:mouse_button_up, 1, 0, 1, 1101, 1867]
[:mouse_move, 374, 201, 2, 1102, 1871]
[:mouse_move, 375, 201, 2, 1103, 1872]
[:mouse_button_pressed, 1, 0, 1, 1104, 1874]
[:mouse_move, 376, 199, 2, 1105, 1875]
[:mouse_button_up, 1, 0, 1, 1106, 1880]
[:mouse_move, 376, 198, 2, 1107, 1886]
[:mouse_move, 377, 198, 2, 1108, 1888]
[:mouse_button_pressed, 1, 0, 1, 1109, 1888]
[:mouse_button_up, 1, 0, 1, 1110, 1893]
[:mouse_button_pressed, 1, 0, 1, 1111, 1900]
[:mouse_button_up, 1, 0, 1, 1112, 1908]
[:mouse_button_pressed, 1, 0, 1, 1113, 1914]
[:mouse_button_up, 1, 0, 1, 1114, 1920]
[:mouse_button_pressed, 1, 0, 1, 1115, 1926]
[:mouse_button_up, 1, 0, 1, 1116, 1934]
[:mouse_move, 379, 197, 2, 1117, 1936]
[:mouse_move, 380, 196, 2, 1118, 1937]
[:mouse_move, 382, 195, 2, 1119, 1938]
[:mouse_button_pressed, 1, 0, 1, 1120, 1941]
[:mouse_button_up, 1, 0, 1, 1121, 1947]
[:mouse_button_pressed, 1, 0, 1, 1122, 1953]
[:mouse_move, 382, 198, 2, 1123, 1959]
[:mouse_button_up, 1, 0, 1, 1124, 1959]
[:mouse_move, 382, 201, 2, 1125, 1960]
[:mouse_move, 382, 202, 2, 1126, 1960]
[:mouse_button_pressed, 1, 0, 1, 1127, 1966]
[:mouse_button_up, 1, 0, 1, 1128, 1972]
[:mouse_button_pressed, 1, 0, 1, 1129, 1979]
[:mouse_move, 382, 206, 2, 1130, 1983]
[:mouse_move, 382, 209, 2, 1131, 1984]
[:mouse_button_up, 1, 0, 1, 1132, 1984]
[:mouse_move, 382, 210, 2, 1133, 1985]
[:mouse_button_pressed, 1, 0, 1, 1134, 1992]
[:mouse_button_up, 1, 0, 1, 1135, 1997]
[:mouse_button_pressed, 1, 0, 1, 1136, 2002]
[:mouse_move, 383, 210, 2, 1137, 2003]
[:mouse_move, 384, 210, 2, 1138, 2005]
[:mouse_move, 388, 210, 2, 1139, 2006]
[:mouse_move, 390, 210, 2, 1140, 2007]
[:mouse_button_up, 1, 0, 1, 1141, 2007]
[:mouse_move, 395, 210, 2, 1142, 2007]
[:mouse_move, 409, 209, 2, 1143, 2008]
[:mouse_move, 428, 204, 2, 1144, 2009]
[:mouse_move, 456, 196, 2, 1145, 2010]
[:mouse_move, 462, 194, 2, 1146, 2010]
[:mouse_move, 488, 187, 2, 1147, 2011]
[:mouse_move, 512, 187, 2, 1148, 2012]
[:mouse_move, 528, 188, 2, 1149, 2013]
[:mouse_move, 535, 188, 2, 1150, 2014]
[:mouse_move, 536, 188, 2, 1151, 2015]
[:mouse_move, 542, 184, 2, 1152, 2016]
[:mouse_move, 550, 177, 2, 1153, 2017]
[:mouse_move, 566, 168, 2, 1154, 2018]
[:mouse_move, 589, 159, 2, 1155, 2019]
[:mouse_move, 612, 151, 2, 1156, 2020]
[:mouse_move, 618, 150, 2, 1157, 2020]
[:mouse_move, 634, 145, 2, 1158, 2021]
[:mouse_move, 658, 139, 2, 1159, 2022]
[:mouse_move, 664, 138, 2, 1160, 2022]
[:mouse_move, 676, 135, 2, 1161, 2023]
[:mouse_move, 692, 133, 2, 1162, 2024]
[:mouse_move, 704, 131, 2, 1163, 2025]
[:mouse_move, 714, 131, 2, 1164, 2026]
[:mouse_move, 728, 131, 2, 1165, 2027]
[:mouse_move, 753, 131, 2, 1166, 2028]
[:mouse_move, 759, 131, 2, 1167, 2028]
[:mouse_move, 785, 129, 2, 1168, 2029]
[:mouse_move, 821, 129, 2, 1169, 2030]
[:mouse_move, 836, 129, 2, 1170, 2031]
[:mouse_move, 839, 129, 2, 1171, 2032]
[:mouse_move, 841, 128, 2, 1172, 2034]
[:mouse_move, 843, 127, 2, 1173, 2035]
[:mouse_move, 848, 124, 2, 1174, 2036]
[:mouse_move, 849, 124, 2, 1175, 2036]
[:mouse_move, 852, 122, 2, 1176, 2037]
[:mouse_move, 856, 119, 2, 1177, 2038]
[:mouse_move, 857, 119, 2, 1178, 2039]
[:mouse_move, 858, 118, 2, 1179, 2040]
[:mouse_move, 858, 117, 2, 1180, 2041]
[:mouse_move, 859, 116, 2, 1181, 2042]
[:mouse_move, 859, 115, 2, 1182, 2043]
[:mouse_move, 859, 113, 2, 1183, 2044]
[:mouse_move, 860, 113, 2, 1184, 2045]
[:mouse_move, 860, 112, 2, 1185, 2050]
[:mouse_move, 862, 110, 2, 1186, 2053]
[:mouse_move, 862, 109, 2, 1187, 2055]
[:mouse_button_pressed, 1, 0, 1, 1188, 2056]
[:mouse_move, 863, 108, 2, 1189, 2057]
[:mouse_button_up, 1, 0, 1, 1190, 2061]
[:mouse_move, 862, 108, 2, 1191, 2065]
[:mouse_move, 857, 110, 2, 1192, 2066]
[:mouse_move, 857, 113, 2, 1193, 2067]
[:mouse_move, 862, 121, 2, 1194, 2068]
[:mouse_move, 869, 129, 2, 1195, 2069]
[:mouse_move, 876, 142, 2, 1196, 2070]
[:mouse_move, 878, 148, 2, 1197, 2070]
[:mouse_move, 888, 165, 2, 1198, 2071]
[:mouse_move, 892, 171, 2, 1199, 2071]
[:mouse_move, 916, 207, 2, 1200, 2072]
[:mouse_move, 965, 281, 2, 1201, 2073]
[:mouse_move, 1026, 369, 2, 1202, 2074]
[:mouse_move, 1069, 426, 2, 1203, 2075]
[:mouse_move, 1091, 453, 2, 1204, 2076]
[:mouse_move, 1093, 456, 2, 1205, 2076]
[:mouse_move, 1099, 462, 2, 1206, 2077]
[:mouse_move, 1103, 465, 2, 1207, 2078]
[:mouse_move, 1105, 465, 2, 1208, 2080]
[:mouse_move, 1106, 465, 2, 1209, 2081]
[:mouse_move, 1108, 465, 2, 1210, 2082]
[:mouse_move, 1110, 465, 2, 1211, 2083]
[:mouse_move, 1111, 465, 2, 1212, 2084]
[:mouse_move, 1113, 466, 2, 1213, 2085]
[:mouse_move, 1114, 467, 2, 1214, 2086]
[:mouse_move, 1114, 469, 2, 1215, 2087]
[:mouse_move, 1115, 470, 2, 1216, 2088]
[:mouse_move, 1116, 473, 2, 1217, 2089]
[:mouse_move, 1116, 474, 2, 1218, 2090]
[:mouse_move, 1116, 476, 2, 1219, 2090]
[:mouse_move, 1116, 477, 2, 1220, 2091]
[:mouse_button_pressed, 1, 0, 1, 1221, 2092]
[:mouse_button_up, 1, 0, 1, 1222, 2097]
[:mouse_move, 1116, 478, 2, 1223, 2098]
[:mouse_button_pressed, 1, 0, 1, 1224, 2104]
[:mouse_button_up, 1, 0, 1, 1225, 2107]
[:mouse_move, 1116, 479, 2, 1226, 2108]
[:mouse_button_pressed, 1, 0, 1, 1227, 2114]
[:mouse_button_up, 1, 0, 1, 1228, 2118]
[:mouse_button_pressed, 1, 0, 1, 1229, 2123]
[:mouse_button_up, 1, 0, 1, 1230, 2128]
[:mouse_move, 1116, 478, 2, 1231, 2133]
[:mouse_button_pressed, 1, 0, 1, 1232, 2134]
[:mouse_button_up, 1, 0, 1, 1233, 2139]
[:mouse_move, 1116, 477, 2, 1234, 2144]
[:mouse_button_pressed, 1, 0, 1, 1235, 2144]
[:mouse_button_up, 1, 0, 1, 1236, 2149]
[:mouse_button_pressed, 1, 0, 1, 1237, 2155]
[:mouse_button_up, 1, 0, 1, 1238, 2160]
[:mouse_button_pressed, 1, 0, 1, 1239, 2169]
[:mouse_button_up, 1, 0, 1, 1240, 2176]
[:mouse_move, 1097, 482, 2, 1241, 2184]
[:mouse_move, 1062, 492, 2, 1242, 2185]
[:mouse_move, 1005, 499, 2, 1243, 2186]
[:mouse_move, 915, 505, 2, 1244, 2187]
[:mouse_move, 783, 510, 2, 1245, 2188]
[:mouse_move, 748, 510, 2, 1246, 2188]
[:mouse_move, 645, 510, 2, 1247, 2189]
[:mouse_move, 477, 515, 2, 1248, 2190]
[:mouse_move, 381, 516, 2, 1249, 2191]
[:mouse_move, 304, 516, 2, 1250, 2192]
[:mouse_move, 265, 522, 2, 1251, 2193]
[:mouse_move, 228, 532, 2, 1252, 2194]
[:mouse_move, 200, 540, 2, 1253, 2195]
[:mouse_move, 180, 551, 2, 1254, 2196]
[:mouse_move, 162, 563, 2, 1255, 2197]
[:mouse_move, 135, 579, 2, 1256, 2198]
[:mouse_move, 114, 590, 2, 1257, 2199]
[:mouse_move, 97, 599, 2, 1258, 2200]
[:mouse_move, 84, 605, 2, 1259, 2201]
[:mouse_move, 72, 613, 2, 1260, 2202]
[:mouse_move, 68, 617, 2, 1261, 2203]
[:mouse_move, 64, 621, 2, 1262, 2204]
[:mouse_move, 64, 622, 2, 1263, 2205]
[:mouse_move, 65, 623, 2, 1264, 2209]
[:mouse_move, 75, 623, 2, 1265, 2210]
[:mouse_move, 86, 624, 2, 1266, 2211]
[:mouse_move, 112, 624, 2, 1267, 2212]
[:mouse_move, 127, 624, 2, 1268, 2213]
[:mouse_move, 140, 620, 2, 1269, 2214]
[:mouse_move, 147, 619, 2, 1270, 2215]
[:mouse_move, 148, 618, 2, 1271, 2216]
[:mouse_button_pressed, 1, 0, 1, 1272, 2221]
[:mouse_button_up, 1, 0, 1, 1273, 2227]
[:mouse_move, 150, 618, 2, 1274, 2234]
[:mouse_move, 152, 616, 2, 1275, 2235]
[:mouse_button_pressed, 1, 0, 1, 1276, 2240]
[:mouse_move, 153, 616, 2, 1277, 2243]
[:mouse_button_up, 1, 0, 1, 1278, 2247]
[:mouse_button_pressed, 1, 0, 1, 1279, 2259]
[:mouse_button_up, 1, 0, 1, 1280, 2267]
[:mouse_button_pressed, 1, 0, 1, 1281, 2282]
[:mouse_button_up, 1, 0, 1, 1282, 2290]
[:mouse_move, 156, 614, 2, 1283, 2295]
[:mouse_move, 162, 612, 2, 1284, 2296]
[:mouse_move, 170, 610, 2, 1285, 2297]
[:mouse_move, 190, 608, 2, 1286, 2298]
[:mouse_move, 227, 608, 2, 1287, 2299]
[:mouse_move, 279, 608, 2, 1288, 2300]
[:mouse_move, 351, 608, 2, 1289, 2301]
[:mouse_move, 375, 608, 2, 1290, 2301]
[:mouse_move, 477, 608, 2, 1291, 2302]
[:mouse_move, 594, 608, 2, 1292, 2303]
[:mouse_move, 689, 608, 2, 1293, 2304]
[:mouse_move, 711, 608, 2, 1294, 2304]
[:mouse_move, 790, 605, 2, 1295, 2305]
[:mouse_move, 843, 605, 2, 1296, 2306]
[:mouse_move, 880, 603, 2, 1297, 2307]
[:mouse_move, 907, 603, 2, 1298, 2308]
[:mouse_move, 933, 602, 2, 1299, 2309]
[:mouse_move, 960, 599, 2, 1300, 2310]
[:mouse_move, 970, 599, 2, 1301, 2310]
[:mouse_move, 1011, 599, 2, 1302, 2311]
[:mouse_move, 1052, 598, 2, 1303, 2312]
[:mouse_move, 1080, 595, 2, 1304, 2313]
[:mouse_move, 1084, 594, 2, 1305, 2313]
[:mouse_move, 1097, 591, 2, 1306, 2314]
[:mouse_move, 1099, 589, 2, 1307, 2315]
[:mouse_move, 1102, 587, 2, 1308, 2322]
[:mouse_move, 1106, 586, 2, 1309, 2323]
[:mouse_move, 1114, 585, 2, 1310, 2324]
[:mouse_move, 1116, 585, 2, 1311, 2325]
[:mouse_move, 1118, 584, 2, 1312, 2327]
[:mouse_button_pressed, 1, 0, 1, 1313, 2331]
[:mouse_move, 1118, 583, 2, 1314, 2332]
[:mouse_button_up, 1, 0, 1, 1315, 2336]
[:mouse_button_pressed, 1, 0, 1, 1316, 2343]
[:mouse_button_up, 1, 0, 1, 1317, 2348]
[:mouse_button_pressed, 1, 0, 1, 1318, 2354]
[:mouse_button_up, 1, 0, 1, 1319, 2359]
[:mouse_move, 1114, 582, 2, 1320, 2366]
[:mouse_move, 1108, 582, 2, 1321, 2367]
[:mouse_move, 1103, 582, 2, 1322, 2368]
[:mouse_move, 1101, 581, 2, 1323, 2368]
[:mouse_move, 1082, 581, 2, 1324, 2369]
[:mouse_move, 1041, 581, 2, 1325, 2370]
[:mouse_move, 957, 575, 2, 1326, 2371]
[:mouse_move, 834, 566, 2, 1327, 2372]
[:mouse_move, 671, 566, 2, 1328, 2373]
[:mouse_move, 505, 564, 2, 1329, 2374]
[:mouse_move, 465, 564, 2, 1330, 2374]
[:mouse_move, 329, 564, 2, 1331, 2375]
[:mouse_move, 242, 564, 2, 1332, 2376]
[:mouse_move, 197, 574, 2, 1333, 2377]
[:mouse_move, 176, 582, 2, 1334, 2378]
[:mouse_move, 170, 587, 2, 1335, 2379]
[:mouse_move, 168, 591, 2, 1336, 2380]
[:mouse_move, 163, 598, 2, 1337, 2381]
[:mouse_move, 159, 602, 2, 1338, 2382]
[:mouse_move, 155, 605, 2, 1339, 2383]
[:mouse_move, 152, 608, 2, 1340, 2384]
[:mouse_move, 148, 611, 2, 1341, 2385]
[:mouse_move, 145, 614, 2, 1342, 2386]
[:mouse_move, 145, 615, 2, 1343, 2387]
[:mouse_move, 144, 615, 2, 1344, 2391]
[:mouse_button_pressed, 1, 0, 1, 1345, 2394]
[:mouse_move, 145, 614, 2, 1346, 2395]
[:mouse_move, 144, 612, 2, 1347, 2397]
[:mouse_move, 143, 611, 2, 1348, 2400]
[:mouse_button_up, 1, 0, 1, 1349, 2400]
[:mouse_button_pressed, 1, 0, 1, 1350, 2407]
[:mouse_move, 143, 609, 2, 1351, 2408]
[:mouse_button_up, 1, 0, 1, 1352, 2413]
[:mouse_move, 142, 609, 2, 1353, 2413]
[:mouse_move, 143, 607, 2, 1354, 2417]
[:mouse_move, 145, 605, 2, 1355, 2418]
[:mouse_button_pressed, 1, 0, 1, 1356, 2419]
[:mouse_button_up, 1, 0, 1, 1357, 2424]
[:mouse_move, 146, 604, 2, 1358, 2428]
[:mouse_button_pressed, 1, 0, 1, 1359, 2429]
[:mouse_move, 147, 603, 2, 1360, 2430]
[:mouse_button_up, 1, 0, 1, 1361, 2433]
[:mouse_move, 151, 600, 2, 1362, 2438]
[:mouse_button_pressed, 1, 0, 1, 1363, 2439]
[:mouse_button_up, 1, 0, 1, 1364, 2443]
[:mouse_move, 152, 598, 2, 1365, 2448]
[:mouse_button_pressed, 1, 0, 1, 1366, 2449]
[:mouse_button_up, 1, 0, 1, 1367, 2453]
[:mouse_move, 153, 598, 2, 1368, 2455]
[:mouse_move, 155, 596, 2, 1369, 2456]
[:mouse_button_pressed, 1, 0, 1, 1370, 2458]
[:mouse_move, 155, 595, 2, 1371, 2459]
[:mouse_move, 155, 594, 2, 1372, 2461]
[:mouse_move, 157, 591, 2, 1373, 2462]
[:mouse_button_up, 1, 0, 1, 1374, 2463]
[:mouse_move, 157, 590, 2, 1375, 2464]
[:mouse_move, 157, 588, 2, 1376, 2466]
[:mouse_move, 157, 587, 2, 1377, 2468]
[:mouse_move, 158, 584, 2, 1378, 2470]
[:mouse_move, 159, 584, 2, 1379, 2471]
[:mouse_move, 159, 583, 2, 1380, 2480]
[:mouse_move, 160, 582, 2, 1381, 2481]
[:mouse_move, 163, 581, 2, 1382, 2482]
[:mouse_move, 164, 580, 2, 1383, 2483]
[:mouse_move, 168, 580, 2, 1384, 2484]
[:mouse_move, 170, 579, 2, 1385, 2485]
[:mouse_move, 172, 577, 2, 1386, 2486]
[:mouse_move, 174, 576, 2, 1387, 2487]
[:mouse_move, 178, 572, 2, 1388, 2488]
[:mouse_move, 183, 565, 2, 1389, 2489]
[:mouse_move, 184, 564, 2, 1390, 2489]
[:mouse_move, 193, 556, 2, 1391, 2490]
[:mouse_move, 206, 549, 2, 1392, 2491]
[:mouse_move, 208, 549, 2, 1393, 2492]
[:mouse_move, 210, 548, 2, 1394, 2493]
[:mouse_move, 210, 547, 2, 1395, 2495]
[:key_down_raw, 96, 4096, 2, 1396, 3053]
[:key_up_raw, 96, 4096, 2, 1397, 3061]
[:key_down_raw, 13, 4096, 2, 1398, 3270]
